Id Lon Lat heading curvature mode SpeedMode EventMode OppositeSideMode LaneNum LaneSeq LaneWidth
0 120.77691386425772 31.59013551340149 2.16891145706177 0.21490418910980 10 4 0 0 1 1 3.00000000000000
1 120.77691371195368 31.59013573561991 2.16888928413391 -0.23878096044064 10 4 3 0 1 1 3.00000000000000
2 120.77691066979703 31.59013956163824 2.16579532623291 0.00606523966417 10 4 0 0 1 1 3.00000000000000
3 120.77690762483535 31.59014336220162 2.16246438026428 0.00736428564414 10 4 0 0 1 1 3.00000000000000
4 120.77690461505053 31.59014717917897 2.15811038017273 0.01125067286193 10 4 0 0 1 1 3.00000000000000
5 120.77690153997921 31.59015105557602 2.15410828590393 0.00866931397468 10 4 0 0 1 1 3.00000000000000
6 120.77689839868482 31.59015502552200 2.14997935295105 0.00903515797108 10 4 0 0 1 1 3.00000000000000
7 120.77689532822126 31.59015888224786 2.14685344696045 0.00611791480333 10 4 0 0 1 1 3.00000000000000
8 120.77689212104804 31.59016284426340 2.14481329917908 0.00232863705605 10 4 0 0 1 1 3.00000000000000
9 120.77688901295397 31.59016667928967 2.14333748817444 0.00168892345391 10 4 0 0 1 1 3.00000000000000
10 120.77688586854470 31.59017054110541 2.14264941215515 0.00036864940193 10 4 0 0 1 1 3.00000000000000
11 120.77688269215389 31.59017436351303 2.14227247238159 0.00191178452224 10 4 0 0 1 1 3.00000000000000
12 120.77687931248775 31.59017837958212 2.14203739166260 0.00384211400524 10 4 0 0 1 1 3.00000000000000
13 120.77687602220992 31.59018237506147 2.14144134521484 0.00354591081850 10 4 0 0 1 1 3.00000000000000
14 120.77687284184280 31.59018629159575 2.14038133621216 0.00277831731364 10 4 0 0 1 1 3.00000000000000
15 120.77686949883217 31.59019036792161 2.13943338394165 0.00317529146560 10 4 0 0 1 1 3.00000000000000
16 120.77686605132843 31.59019461929149 2.13856244087219 0.00219068676233 10 4 0 0 1 1 3.00000000000000
17 120.77686277498921 31.59019871574260 2.13780140876770 0.00361937866546 10 4 0 0 1 1 3.00000000000000
18 120.77685963514628 31.59020259118966 2.13713240623474 0.00351967173629 10 4 0 0 1 1 3.00000000000000
19 120.77685641844458 31.59020656206399 2.13640832901001 0.00217289594002 10 4 0 0 1 1 3.00000000000000
20 120.77685312432072 31.59021061858928 2.13575148582458 0.00160924729425 10 4 0 0 1 1 3.00000000000000
21 120.77685005268293 31.59021441807695 2.13489246368408 0.00280999019742 10 4 0 0 1 1 3.00000000000000
22 120.77684668256668 31.59021864074042 2.13362526893616 0.00219650659710 10 4 0 0 1 1 3.00000000000000
23 120.77684325827261 31.59022293320826 2.13305449485779 0.00196808134206 10 4 0 0 1 1 3.00000000000000
24 120.77683975364221 31.59022728106823 2.13254547119141 0.00201092520729 10 4 0 0 1 1 3.00000000000000
25 120.77683592157489 31.59023205433783 2.13176536560059 0.00170249445364 10 4 0 0 1 1 3.00000000000000
26 120.77683293773852 31.59023578603504 2.13127231597900 0.00175224896520 10 4 0 0 1 1 3.00000000000000
27 120.77682990900259 31.59023955867113 2.13083028793335 0.00158369424753 10 4 0 0 1 1 3.00000000000000
28 120.77682686319102 31.59024339671768 2.13006043434143 0.00325002125464 10 4 0 0 1 1 3.00000000000000
29 120.77682377333240 31.59024728086321 2.13006949424744 -0.00054813601309 10 4 0 0 1 1 3.00000000000000
30 120.77682030758692 31.59025160536554 2.13074445724487 -0.00044808798702 10 4 0 0 1 1 3.00000000000000
31 120.77681712601567 31.59025560176594 2.13064432144165 0.00081699370639 10 4 0 0 1 1 3.00000000000000
32 120.77681393236307 31.59025964654451 2.13079643249512 -0.00127209525090 10 4 0 0 1 1 3.00000000000000
33 120.77681069529919 31.59026373629651 2.13120532035828 -0.00035645908793 10 4 0 0 1 1 3.00000000000000
34 120.77680744370636 31.59026787472520 2.13101840019226 -0.00017834437313 10 4 0 0 1 1 3.00000000000000
35 120.77680384231448 31.59027246529529 2.13117146492004 -0.00047729743528 10 4 0 0 1 1 3.00000000000000
36 120.77680054104529 31.59027664603640 2.13172435760498 -0.00114443420898 10 4 0 0 1 1 3.00000000000000
37 120.77679724725272 31.59028081530225 2.13156342506409 0.00056958134519 10 4 0 0 1 1 3.00000000000000
38 120.77679394788234 31.59028497894308 2.13175439834595 -0.00051833235193 10 4 0 0 1 1 3.00000000000000
39 120.77679066309359 31.59028913356004 2.13208246231079 -0.00048499190598 10 4 0 0 1 1 3.00000000000000
40 120.77678773881284 31.59029289511259 2.13167738914490 0.00115682929754 10 4 0 0 1 1 3.00000000000000
41 120.77678449785012 31.59029706539320 2.13169145584106 -0.00084014399908 10 4 0 0 1 1 3.00000000000000
42 120.77678124014662 31.59030120739814 2.13196349143982 0.00050246930914 10 4 0 0 1 1 3.00000000000000
43 120.77677798127229 31.59030533857064 2.13191938400269 -0.00052891910309 10 4 0 0 1 1 3.00000000000000
44 120.77677472142436 31.59030947112991 2.13192534446716 -0.00018647054094 10 4 0 0 1 1 3.00000000000000
45 120.77677116952484 31.59031399350336 2.13228344917297 -0.00067837222014 10 4 0 0 1 1 3.00000000000000
46 120.77676796593590 31.59031809062732 2.13200235366821 0.00108138157520 10 4 0 0 1 1 3.00000000000000
47 120.77676475897624 31.59032217801110 2.13203430175781 -0.00107864441816 10 4 0 0 1 1 3.00000000000000
48 120.77676156973362 31.59032625133590 2.13227128982544 -0.00028745405143 10 4 0 0 1 1 3.00000000000000
49 120.77675843210586 31.59033031957152 2.13202834129333 0.00002934044096 10 4 0 0 1 1 3.00000000000000
50 120.77675527768766 31.59033436435909 2.13197231292725 -0.00215354631655 10 4 0 0 1 1 3.00000000000000
51 120.77675180549566 31.59033879666097 2.13227033615112 -0.00097173696849 10 4 0 0 1 1 3.00000000000000
52 120.77674865710267 31.59034282564325 2.13208937644958 0.00103542720899 10 4 0 0 1 1 3.00000000000000
53 120.77674550234566 31.59034683676708 2.13221430778503 -0.00072043272667 10 4 0 0 1 1 3.00000000000000
54 120.77674235909555 31.59035083836689 2.13249039649963 0.00039504689630 10 4 0 0 1 1 3.00000000000000
55 120.77673922609308 31.59035481143573 2.13224530220032 0.00039405241841 10 4 0 0 1 1 3.00000000000000
56 120.77673579921674 31.59035914608420 2.13222241401672 -0.00077847787179 10 4 0 0 1 1 3.00000000000000
57 120.77673270018663 31.59036305414687 2.13243246078491 -0.00034718582174 10 4 0 0 1 1 3.00000000000000
58 120.77672966201118 31.59036690525734 2.13195848464966 0.00170342181809 10 4 0 0 1 1 3.00000000000000
59 120.77672667054424 31.59037067535261 2.13202428817749 -0.00066335394513 10 4 0 0 1 1 3.00000000000000
60 120.77672284052106 31.59037548720538 2.13255929946899 0.00025792894303 10 4 0 0 1 1 3.00000000000000
61 120.77671937580837 31.59037983775018 2.13319635391235 -0.00222538155504 10 4 0 0 1 1 3.00000000000000
62 120.77671595641914 31.59038408742530 2.13535737991333 -0.00352437258698 10 4 0 0 1 1 3.00000000000000
63 120.77671258635172 31.59038823610167 2.13703346252441 -0.00179463101085 10 4 0 0 1 1 3.00000000000000
64 120.77670927145026 31.59039229363577 2.13846850395203 -0.00334349134937 10 4 0 0 1 1 3.00000000000000
65 120.77670575809120 31.59039658241242 2.14043450355530 -0.00285805109888 10 4 0 0 1 1 3.00000000000000
66 120.77670260631353 31.59040041411383 2.14183735847473 -0.00285644852556 10 4 0 0 1 1 3.00000000000000
67 120.77669957077445 31.59040411336812 2.14315032958984 -0.00182406441309 10 4 0 0 1 1 3.00000000000000
68 120.77669617288893 31.59040822122342 2.14464735984802 -0.00253270729445 10 4 0 0 1 1 3.00000000000000
69 120.77669276965962 31.59041238457565 2.14531040191650 0.00073368876474 10 4 0 0 1 1 3.00000000000000
70 120.77668942835467 31.59041647939694 2.14621138572693 -0.00029593569343 10 4 0 0 1 1 3.00000000000000
71 120.77668640279097 31.59042017736288 2.14686942100525 -0.00000414432998 10 4 0 0 1 1 3.00000000000000
72 120.77668324672284 31.59042404526405 2.14733529090881 0.00004886181341 10 4 0 0 1 1 3.00000000000000
73 120.77667995250988 31.59042799708360 2.14787030220032 -0.00060254882555 10 4 0 0 1 1 3.00000000000000
74 120.77667684760462 31.59043174050790 2.14859533309937 -0.00133595813531 10 4 0 0 1 1 3.00000000000000
75 120.77667442664927 31.59043585912763 2.15985131263733 -0.01344109885395 10 4 0 2 1 1 3.00000000000000
76 120.77667115211445 31.59043955021933 2.16741728782654 -0.02131510339677 10 4 0 2 1 1 3.00000000000000
77 120.77666776405643 31.59044322246124 2.17799639701843 -0.02321050688624 10 4 0 2 1 1 3.00000000000000
78 120.77666427371399 31.59044684841386 2.19093942642212 -0.02331682667136 10 4 0 2 1 1 3.00000000000000
79 120.77666084610874 31.59045032194208 2.20369243621826 -0.02592018246651 10 4 0 2 1 1 3.00000000000000
80 120.77665722101280 31.59045390034825 2.21708941459656 -0.02721275016665 10 4 0 2 1 1 3.00000000000000
81 120.77665371510996 31.59045727907294 2.22982048988342 -0.02404127456248 10 4 0 2 1 1 3.00000000000000
82 120.77665005253816 31.59046070715283 2.24181532859802 -0.02128507569432 10 4 0 2 1 1 3.00000000000000
83 120.77664638397898 31.59046412217458 2.25165843963623 -0.01613060757518 10 4 0 2 1 1 3.00000000000000
84 120.77664280170346 31.59046754104581 2.25811028480530 -0.01107501424849 10 4 0 2 1 1 3.00000000000000
85 120.77663898753167 31.59047126618997 2.26044034957886 0.00114975147881 10 4 0 2 1 1 3.00000000000000
86 120.77663537358821 31.59047501133493 2.25780534744263 0.00705302879214 10 4 0 2 1 1 3.00000000000000
87 120.77663181853255 31.59047868139883 2.25422835350037 0.00918510090560 10 4 0 2 1 1 3.00000000000000
88 120.77662831855410 31.59048248619266 2.24707436561584 0.01273548323661 10 4 0 2 1 1 3.00000000000000
89 120.77662503119524 31.59048610839242 2.23959445953369 0.01466674823314 10 4 0 2 1 1 3.00000000000000
90 120.77662168255843 31.59048991619353 2.23118638992310 0.01551796589047 10 4 0 2 1 1 3.00000000000000
91 120.77661825801141 31.59049391455050 2.22237348556519 0.01721572689712 10 4 0 2 1 1 3.00000000000000
92 120.77661506860876 31.59049771510833 2.21346044540405 0.01543714385480 10 4 0 2 1 1 3.00000000000000
93 120.77661195346305 31.59050148848041 2.20454049110413 0.01647047139704 10 4 0 2 1 1 3.00000000000000
94 120.77660876207301 31.59050541682413 2.19544243812561 0.01576756872237 10 4 0 2 1 1 3.00000000000000
95 120.77660549843444 31.59050944485228 2.18781828880310 0.00804226659238 10 4 0 2 1 1 3.00000000000000
96 120.77660233981170 31.59051325632920 2.18365335464478 0.00761791784316 10 4 0 2 1 1 3.00000000000000
97 120.77659921523191 31.59051703943468 2.18035340309143 0.00438176933676 10 4 0 2 1 1 3.00000000000000
98 120.77659635929767 31.59052087341984 2.17577338218689 0.01308988314122 10 4 0 1 1 1 4.65000009536743
99 120.77659334648435 31.59052457919932 2.17182731628418 0.01107428688556 10 4 0 1 1 1 4.65000009536743
100 120.77659015578834 31.59052856215650 2.16677737236023 0.01199026498944 10 4 0 1 1 1 4.65000009536743
101 120.77658707024801 31.59053242962473 2.16293334960938 0.00569377699867 10 4 0 1 1 1 4.65000009536743
102 120.77658380805178 31.59053648163622 2.16026234626770 0.00146935542580 10 4 0 1 1 1 4.65000009536743
103 120.77658058215151 31.59054045607611 2.15908932685852 0.00401868205518 10 4 0 1 1 1 4.65000009536743
104 120.77657719739480 31.59054460595583 2.15833330154419 0.00144200527575 10 4 0 1 1 1 4.65000009536743
105 120.77657394162205 31.59054859745729 2.15763139724731 0.00085908250185 10 4 0 1 1 1 4.65000009536743
106 120.77657072092248 31.59055258871519 2.15654444694519 0.00261600548401 10 4 0 1 1 1 4.65000009536743
107 120.77656757753159 31.59055651118718 2.15560746192932 -0.00007639606338 10 4 0 1 1 1 4.65000009536743
108 120.77656428151866 31.59056061230445 2.15445637702942 0.00051483185962 10 4 0 1 1 1 4.65000009536743
109 120.77656083988586 31.59056490445722 2.15339231491089 0.00231780391186 10 4 0 1 1 1 4.65000009536743
110 120.77655752385886 31.59056905400927 2.15223741531372 0.00066895037889 10 4 0 1 1 1 4.65000009536743
111 120.77655436611965 31.59057302230536 2.15122127532959 0.00357303582132 10 4 0 1 1 1 4.65000009536743
112 120.77655109485281 31.59057711667565 2.15016937255859 0.00165645650122 10 4 0 1 1 1 4.65000009536743
113 120.77654774842554 31.59058135113268 2.14896345138550 0.00174933462404 10 4 0 1 1 1 4.65000009536743
114 120.77654459788396 31.59058534544318 2.14780139923096 0.00142903195228 10 4 0 1 1 1 4.65000009536743
115 120.77654107537387 31.59058982025783 2.14632534980774 0.00123465037905 10 4 0 1 1 1 4.65000009536743
116 120.77653806877260 31.59059362646842 2.14568543434143 -0.00045536056859 10 4 0 1 1 1 4.65000009536743
117 120.77653499555298 31.59059751013108 2.14561843872070 -0.00091690925183 10 4 0 1 1 1 4.65000009536743
118 120.77653184693212 31.59060146768054 2.14558434486389 0.00013862873311 10 4 0 1 1 1 4.65000009536743
119 120.77652830357347 31.59060591205299 2.14589142799377 -0.00165452458896 10 4 0 1 1 1 4.65000009536743
120 120.77652500147110 31.59061002365056 2.14681839942932 -0.00118151505012 10 4 0 1 1 1 4.65000009536743
121 120.77652162444164 31.59061421232979 2.14753437042236 -0.00056272884831 10 4 0 1 1 1 4.65000009536743
122 120.77651819539903 31.59061849093882 2.14781141281128 -0.00046127071255 10 4 0 1 1 1 4.65000009536743
123 120.77651469050957 31.59062284499540 2.14848446846008 -0.00220794323832 10 4 0 1 1 1 4.65000009536743
124 120.77651145952207 31.59062681879408 2.14901947975159 -0.00097978836857 10 4 0 1 1 1 4.65000009536743
125 120.77650782294229 31.59063132068324 2.14909648895264 0.00076931575313 10 4 0 1 1 1 4.65000009536743
126 120.77650412839965 31.59063590416352 2.14946842193604 -0.00040494214045 10 4 0 1 1 1 4.65000009536743
127 120.77650113218296 31.59063963361610 2.14954042434692 0.00050532643218 10 4 0 1 1 1 4.65000009536743
128 120.77649809234904 31.59064341177577 2.14949345588684 0.00000827141776 10 4 0 1 1 1 4.65000009536743
129 120.77649461103023 31.59064771520347 2.14984345436096 -0.00128733774181 10 4 0 1 1 1 4.65000009536743
130 120.77649147554004 31.59065159277059 2.15002250671387 -0.00094335735776 10 4 0 1 1 1 4.65000009536743
131 120.77648830768410 31.59065552147498 2.14980340003967 0.00070315366611 10 4 0 1 1 1 4.65000009536743
132 120.77648508614388 31.59065949639529 2.15000343322754 -0.00083821144653 10 4 0 1 1 1 4.65000009536743
133 120.77648182631560 31.59066351946976 2.15012931823730 0.00080148049165 10 4 0 1 1 1 4.65000009536743
134 120.77647852271264 31.59066758931411 2.14997744560242 0.00083474011626 10 4 0 1 1 1 4.65000009536743
135 120.77647477022852 31.59067221180199 2.15013742446899 -0.00066699640593 10 4 0 1 1 1 4.65000009536743
136 120.77647142065362 31.59067637496608 2.15033841133118 0.00030360009987 10 4 0 1 1 1 4.65000009536743
137 120.77646804569476 31.59068057993309 2.15018343925476 -0.00030339334626 10 4 0 1 1 1 4.65000009536743
138 120.77646464133093 31.59068482004895 2.15016841888428 -0.00081731553655 10 4 0 1 1 1 4.65000009536743
139 120.77646121465253 31.59068909691702 2.15009927749634 0.00045157404384 10 4 0 1 1 1 4.65000009536743
140 120.77645775881805 31.59069340340567 2.15001535415649 0.00046393772936 10 4 0 1 1 1 4.65000009536743
141 120.77645428063191 31.59069775324474 2.15003228187561 -0.00022840303427 10 4 0 1 1 1 4.65000009536743
142 120.77645122571479 31.59070157666415 2.14976549148560 0.00068513379665 10 4 0 1 1 1 4.65000009536743
143 120.77644771613275 31.59070598337766 2.14922332763672 0.00046206635307 10 4 0 1 1 1 4.65000009536743
144 120.77644417782550 31.59071041623443 2.14915943145752 0.00013067790132 10 4 0 1 1 1 4.65000009536743
145 120.77644061017814 31.59071487408324 2.14897036552429 0.00065183266997 10 4 0 1 1 1 4.65000009536743
146 120.77643702351826 31.59071936180247 2.14854240417480 0.00059975287877 10 4 0 1 1 1 4.65000009536743
147 120.77643340509185 31.59072387176274 2.14850950241089 -0.00024449831108 10 4 0 1 1 1 4.65000009536743
148 120.77643021993804 31.59072782562812 2.14835834503174 0.00024419702822 10 4 0 1 1 1 4.65000009536743
149 120.77642657535314 31.59073236520173 2.14813828468323 0.00020947805024 10 4 0 1 1 1 4.65000009536743
150 120.77642292613585 31.59073693030738 2.14801239967346 0.00084399338812 10 4 0 1 1 1 4.65000009536743
151 120.77641928369999 31.59074151283367 2.14774346351624 0.00092291238252 10 4 0 1 1 1 4.65000009536743
152 120.77641563643149 31.59074611142015 2.14756035804749 -0.00056735251565 10 4 0 1 1 1 4.65000009536743
153 120.77641198689572 31.59075071124888 2.14723038673401 0.00059775053523 10 4 0 1 1 1 4.65000009536743
154 120.77640788754060 31.59075589563972 2.14674448966980 0.00033170523238 10 4 0 1 1 1 4.65000009536743
155 120.77640423683613 31.59076051319343 2.14657044410706 0.00010370296513 10 4 0 1 1 1 4.65000009536743
156 120.77640057098472 31.59076511528056 2.14629435539246 0.00056565605337 10 4 0 1 1 1 4.65000009536743
157 120.77639689439204 31.59076972652399 2.14603638648987 -0.00021782363183 10 4 0 1 1 1 4.65000009536743
158 120.77639322540588 31.59077434657228 2.14594936370850 -0.00036300724605 10 4 0 1 1 1 4.65000009536743
159 120.77638957405188 31.59077897716281 2.14562249183655 0.00113344436977 10 4 0 1 1 1 4.65000009536743
160 120.77638590829633 31.59078360496661 2.14539027214050 0.00025073793950 10 4 0 1 1 1 4.65000009536743
161 120.77638270516148 31.59078766268214 2.14519333839417 0.00063249113737 10 4 0 1 1 1 4.65000009536743
162 120.77637903428339 31.59079230107820 2.14482235908508 0.00066489353776 10 4 0 1 1 1 4.65000009536743
163 120.77637537230686 31.59079694498339 2.14465141296387 0.00041356944712 10 4 0 1 1 1 4.65000009536743
164 120.77637172009119 31.59080157893259 2.14440536499023 -0.00006457992276 10 4 0 1 1 1 4.65000009536743
165 120.77636807758459 31.59080618737050 2.14413046836853 0.00030584272463 10 4 0 1 1 1 4.65000009536743
166 120.77636444026459 31.59081077443778 2.14369630813599 0.00044329426601 10 4 0 1 1 1 4.65000009536743
167 120.77636126369177 31.59081477620377 2.14331030845642 0.00024335426860 10 4 0 1 1 1 4.65000009536743
168 120.77635763993783 31.59081933294210 2.14297628402710 0.00003601784920 10 4 0 1 1 1 4.65000009536743
169 120.77635404497711 31.59082389243702 2.14274048805237 0.00102563295513 10 4 0 1 1 1 4.65000009536743
170 120.77635046035395 31.59082843564626 2.14250850677490 0.00043103203643 10 4 0 1 1 1 4.65000009536743
171 120.77634689074608 31.59083297627619 2.14226627349854 0.00010406961519 10 4 0 1 1 1 4.65000009536743
172 120.77634334374834 31.59083751363528 2.14190435409546 0.00111074675806 10 4 0 1 1 1 4.65000009536743
173 120.77634024286904 31.59084146768975 2.14170527458191 -0.00026527253794 10 4 0 1 1 1 4.65000009536743
174 120.77633670169342 31.59084597176751 2.14137744903564 0.00025520756026 10 4 0 1 1 1 4.65000009536743
175 120.77633317821112 31.59085045333484 2.14106345176697 0.00015230046120 10 4 0 1 1 1 4.65000009536743
176 120.77632966234964 31.59085493075486 2.14072442054749 0.00099194771610 10 4 0 1 1 1 4.65000009536743
177 120.77632613651114 31.59085938541245 2.14039349555969 0.00029233278474 10 4 0 1 1 1 4.65000009536743
178 120.77632308674606 31.59086324975605 2.14023327827454 0.00029548580642 10 4 0 1 1 1 4.65000009536743
179 120.77631962450127 31.59086762900103 2.14022541046143 0.00023698182486 10 4 0 1 1 1 4.65000009536743
180 120.77631617272708 31.59087199608969 2.14002132415771 0.00071195227792 10 4 0 1 1 1 4.65000009536743
181 120.77631273850190 31.59087634906794 2.13963246345520 0.00102274084929 10 4 0 1 1 1 4.65000009536743
182 120.77630930365169 31.59088068093572 2.13943147659302 0.00084766489454 10 4 0 1 1 1 4.65000009536743
183 120.77630588153886 31.59088500635061 2.13904047012329 0.00051835813792 10 4 0 1 1 1 4.65000009536743
184 120.77630291606765 31.59088877551088 2.13870429992676 0.00024856644450 10 4 0 1 1 1 4.65000009536743
185 120.77629953039391 31.59089306861269 2.13863539695740 -0.00047339452431 10 4 0 1 1 1 4.65000009536743
186 120.77629616598806 31.59089733213408 2.13829731941223 0.00044579413952 10 4 0 1 1 1 4.65000009536743
187 120.77629282164699 31.59090157526163 2.13801836967468 0.00043236478814 10 4 0 1 1 1 4.65000009536743
188 120.77628948854532 31.59090581235388 2.13791036605835 0.00037557323230 10 4 0 1 1 1 4.65000009536743
189 120.77628619834397 31.59091000913076 2.13734531402588 0.00212968862616 10 4 0 1 1 1 4.65000009536743
190 120.77628250784630 31.59091469633566 2.13700938224792 -0.00003531344555 10 4 0 1 1 1 4.65000009536743
191 120.77627924811699 31.59091882668897 2.13666534423828 0.00076193938730 10 4 0 1 1 1 4.65000009536743
192 120.77627602201561 31.59092292549180 2.13633227348328 0.00074370991206 10 4 0 1 1 1 4.65000009536743
193 120.77627283712128 31.59092697125657 2.13640141487122 -0.00000184990597 10 4 0 1 1 1 4.65000009536743
194 120.77626970378417 31.59093097338754 2.13640236854553 0.00070912146475 10 4 0 1 1 1 4.65000009536743
195 120.77626661952594 31.59093492506891 2.13598728179932 0.00063784536906 10 4 0 1 1 1 4.65000009536743
196 120.77626358856176 31.59093880179847 2.13574528694153 0.00017794793530 10 4 0 1 1 1 4.65000009536743
197 120.77626022712043 31.59094309111284 2.13552737236023 0.00078692735406 10 4 0 1 1 1 4.65000009536743
198 120.77625657930581 31.59094775050280 2.13527441024780 0.00118744815700 10 4 0 1 1 1 4.65000009536743
199 120.77625303781332 31.59095226165222 2.13548350334167 -0.00103310053237 10 4 0 1 1 1 4.65000009536743
200 120.77624961223182 31.59095665920470 2.13542437553406 0.00056688959012 10 4 0 1 1 1 4.65000009536743
201 120.77624628703543 31.59096093325995 2.13505744934082 0.00028286804445 10 4 0 1 1 1 4.65000009536743
202 120.77624273017530 31.59096548100561 2.13521242141724 -0.00002456368748 10 4 0 1 1 1 4.65000009536743
203 120.77623961671287 31.59096947246953 2.13496136665344 -0.00001383309700 10 4 0 1 1 1 4.65000009536743
204 120.77623664166582 31.59097329430173 2.13471937179565 0.00007777132123 10 4 0 1 1 1 4.65000009536743
205 120.77623319984060 31.59097766446023 2.13500142097473 -0.00062804273330 10 4 0 1 1 1 4.65000009536743
206 120.77623020641865 31.59098145892162 2.13454341888428 0.00213813781738 10 4 0 1 1 1 4.65000009536743
207 120.77622713877508 31.59098535338640 2.13450431823730 -0.00002216472421 10 4 0 1 1 1 4.65000009536743
208 120.77622380770153 31.59098959132191 2.13488841056824 0.00033755280310 10 4 0 1 1 1 4.65000009536743
209 120.77622075882282 31.59099349384381 2.13430047035217 -0.00000184701389 10 4 0 1 1 1 4.65000009536743
210 120.77621747745627 31.59099767767347 2.13489532470703 0.00030323376996 10 4 0 1 1 1 4.65000009536743
211 120.77621427616873 31.59100174615317 2.13500928878784 -0.00033921824070 10 4 0 1 1 1 4.65000009536743
212 120.77621132161097 31.59100552441634 2.13524246215820 -0.00118711136747 10 4 0 1 1 1 4.65000009536743
213 120.77620903623811 31.59100960578158 2.13533639907837 -0.00247270311229 10 4 0 1 2 1 3.00000000000000
214 120.77620604919802 31.59101351376803 2.13334345817566 0.00935918744653 10 4 0 1 2 1 3.00000000000000
215 120.77620314107492 31.59101742503686 2.12922644615173 0.01082325167954 10 4 0 1 2 1 3.00000000000000
216 120.77620024743904 31.59102138350194 2.12456727027893 0.01170556340367 10 4 0 1 2 1 3.00000000000000
217 120.77619733337133 31.59102540469794 2.11963939666748 0.01230389345437 10 4 0 1 2 1 3.00000000000000
218 120.77619458908865 31.59102926941087 2.11413550376892 0.01130518410355 10 4 0 1 2 1 3.00000000000000
219 120.77619183178413 31.59103324575586 2.10767149925232 0.01233043707907 10 4 0 1 2 1 3.00000000000000
220 120.77618894360734 31.59103748525300 2.10094833374023 0.01237672287971 10 4 0 1 2 1 3.00000000000000
221 120.77618612948287 31.59104172317021 2.09359741210938 0.01421761512756 10 4 0 1 2 1 3.00000000000000
222 120.77618337496574 31.59104587436998 2.08682727813721 0.01424905471504 10 4 0 1 2 1 3.00000000000000
223 120.77618073994434 31.59104988781221 2.08076930046082 0.01160385739058 10 4 0 1 2 1 3.00000000000000
224 120.77617795504932 31.59105419742833 2.07500147819519 0.00810165703297 10 4 0 1 2 1 3.00000000000000
225 120.77617511363800 31.59105846988999 2.07331633567810 0.00069348525722 10 4 0 1 2 1 3.00000000000000
226 120.77617236307600 31.59106241135352 2.07500338554382 -0.00438590068370 10 4 0 1 2 1 3.00000000000000
227 120.77616944761039 31.59106651244304 2.07809329032898 -0.00797469448298 10 4 0 1 2 1 3.00000000000000
228 120.77616649277017 31.59107051013288 2.08355236053467 -0.01068626809865 10 4 0 1 2 1 3.00000000000000
229 120.77616334518071 31.59107461788540 2.09068632125854 -0.01390990335494 10 4 0 1 2 1 3.00000000000000
230 120.77616038428417 31.59107843428245 2.09708333015442 -0.01135438866913 10 4 0 1 2 1 3.00000000000000
231 120.77615716452392 31.59108260437714 2.10406541824341 -0.01274197734892 10 4 0 1 2 1 3.00000000000000
232 120.77615421357935 31.59108637914677 2.10979628562927 -0.01393051072955 10 4 0 1 2 1 3.00000000000000
233 120.77615121046283 31.59109018467744 2.11542344093323 -0.00882593914866 10 4 0 1 2 1 3.00000000000000
234 120.77614829219037 31.59109400992007 2.11892437934875 -0.00018942869792 10 4 0 1 2 1 3.00000000000000
235 120.77614578433219 31.59109798125110 2.11890840530396 -0.00919832289219 10 4 0 0 2 1 3.00000000000000
236 120.77614281750546 31.59110190982893 2.12018346786499 -0.00052248348948 10 4 0 0 2 1 3.00000000000000
237 120.77613981823973 31.59110588913479 2.12050032615662 0.00168670585845 10 4 0 0 2 1 3.00000000000000
238 120.77613665299330 31.59111009185585 2.12068533897400 -0.00099805148784 10 4 0 0 2 1 3.00000000000000
239 120.77613362608756 31.59111401943474 2.12137532234192 0.00135949405376 10 4 0 0 2 1 3.00000000000000
240 120.77613068248354 31.59111790003225 2.12153649330139 -0.00091719505144 10 4 0 0 2 1 3.00000000000000
241 120.77612768306578 31.59112184465668 2.12186431884766 0.00131772004534 10 4 0 0 2 1 3.00000000000000
242 120.77612465521275 31.59112576697649 2.12291646003723 -0.00412689894438 10 4 0 0 2 1 3.00000000000000
243 120.77612145512254 31.59112991059192 2.12394928932190 -0.00186204607598 10 4 0 0 2 1 3.00000000000000
244 120.77611832017053 31.59113396167810 2.12519931793213 -0.00372577668168 10 4 0 0 2 1 3.00000000000000
245 120.77611521646237 31.59113787082978 2.12673640251160 -0.00245312019251 10 4 0 0 2 1 3.00000000000000
246 120.77611206791101 31.59114186858378 2.12845349311829 -0.00244049727917 10 4 0 0 2 1 3.00000000000000
247 120.77610910702657 31.59114561712386 2.13001036643982 -0.00161236245185 10 4 0 0 2 1 3.00000000000000
248 120.77610598363646 31.59114957209373 2.13169050216675 -0.00274601858109 10 4 0 0 2 1 3.00000000000000
249 120.77610290428699 31.59115347608479 2.13285040855408 -0.00122097064741 10 4 0 0 2 1 3.00000000000000
250 120.77609969198969 31.59115760090300 2.13350343704224 -0.00216306536458 10 4 0 0 2 1 3.00000000000000
251 120.77609670466202 31.59116142816219 2.13342428207397 0.00012068165961 10 4 0 0 2 1 3.00000000000000
252 120.77609378033242 31.59116521094424 2.13356137275696 -0.00177192315459 10 4 0 0 2 1 3.00000000000000
253 120.77609078482396 31.59116907160535 2.13365745544434 -0.00055454258109 10 4 0 0 2 1 3.00000000000000
254 120.77608760279290 31.59117316010840 2.13439440727234 -0.00023930423777 10 4 0 0 2 1 3.00000000000000
255 120.77608461992000 31.59117704669683 2.13453149795532 -0.00117790035438 10 4 0 0 2 1 3.00000000000000
256 120.77608160177009 31.59118089645574 2.13477635383606 0.00111776532140 10 4 0 0 2 1 3.00000000000000
257 120.77607877087810 31.59118483747293 2.13356137275696 -0.00535924686119 3 4 0 0 2 1 3.00000000000000
258 120.77607566186784 31.59118874052484 2.13518047332764 0.00054356566397 3 4 0 0 2 1 3.00000000000000
259 120.77607261178906 31.59119256696019 2.13659143447876 -0.00453058769926 3 4 0 0 2 1 3.00000000000000
260 120.77606950469549 31.59119640065150 2.13817238807678 -0.00478311348706 3 4 0 0 2 1 3.00000000000000
261 120.77606634632210 31.59120039511783 2.13978147506714 -0.00197430001572 3 4 0 0 2 1 3.00000000000000
262 120.77606321904868 31.59120430334003 2.14091539382935 -0.00069356273161 3 4 0 0 2 1 3.00000000000000
263 120.77605999262607 31.59120842504732 2.14211249351501 -0.00328729813918 3 4 0 0 2 1 3.00000000000000
264 120.77605681719071 31.59121246206386 2.14304637908936 -0.00177056016400 3 4 0 0 2 1 3.00000000000000
265 120.77605357436575 31.59121658255058 2.14483642578125 -0.00121665000916 3 4 0 0 2 1 3.00000000000000
266 120.77605030945362 31.59122070283686 2.14584636688232 -0.00549135915935 3 4 0 0 2 1 3.00000000000000
267 120.77604703348406 31.59122481394657 2.14740729331970 -0.00112788705155 3 4 0 0 2 1 3.00000000000000
268 120.77604380370836 31.59122886656917 2.14909029006958 -0.00285244686529 3 4 0 0 2 1 3.00000000000000
269 120.77604042830360 31.59123308273687 2.15031027793884 -0.00212566251867 3 4 0 0 2 1 3.00000000000000
270 120.77603733848541 31.59123690667904 2.15133428573608 -0.00187008467037 3 4 0 0 2 1 3.00000000000000
271 120.77603394917010 31.59124111318447 2.15180039405823 -0.00135221297387 3 4 0 0 2 1 3.00000000000000
272 120.77603067336868 31.59124512023444 2.15234231948853 -0.00063624168979 3 4 0 0 2 1 3.00000000000000
273 120.77602735477936 31.59124922488336 2.15242433547974 -0.00001268188316 3 4 0 0 2 1 3.00000000000000
274 120.77602424407155 31.59125312951495 2.15253448486328 -0.00016380325542 3 4 0 0 2 1 3.00000000000000
275 120.77602082211462 31.59125740542455 2.15271639823914 0.00041226172470 3 4 0 0 2 1 3.00000000000000
276 120.77601782195228 31.59126112065392 2.15297150611877 -0.00257175602019 3 4 0 0 2 1 3.00000000000000
277 120.77601478036679 31.59126488292402 2.15333533287048 -0.00067060097354 3 4 0 0 2 1 3.00000000000000
278 120.77601142688042 31.59126899800844 2.15372133255005 0.00075546960579 3 4 0 0 2 1 3.00000000000000
279 120.77600830047241 31.59127281112531 2.15434837341309 -0.00146362709347 3 4 0 0 2 1 3.00000000000000
280 120.77600514647393 31.59127664088307 2.15479946136475 -0.00049265875714 3 4 0 0 2 1 3.00000000000000
281 120.77600197450467 31.59128048681037 2.15536332130432 -0.00084460846847 3 4 0 0 2 1 3.00000000000000
282 120.77599880986979 31.59128435541455 2.15560746192932 0.00050296011614 3 4 0 0 2 1 3.00000000000000
283 120.77599535580279 31.59128857309091 2.15588235855103 0.00011544693552 3 4 0 0 2 1 3.00000000000000
284 120.77599217883179 31.59129249237659 2.15599727630615 0.00114293396473 3 4 0 0 2 1 3.00000000000000
285 120.77598896878928 31.59129642254633 2.15602040290833 -0.00020331650740 3 4 0 0 2 1 3.00000000000000
286 120.77598576123741 31.59130036553609 2.15587544441223 0.00112435675692 3 4 0 0 2 1 3.00000000000000
287 120.77598229959196 31.59130465643367 2.15569639205933 0.00014047036530 3 4 0 0 2 1 3.00000000000000
288 120.77597911184719 31.59130859843753 2.15545535087585 -0.00001099171095 3 4 0 0 2 1 3.00000000000000
289 120.77597590621905 31.59131250188451 2.15504050254822 0.00258472678252 3 4 0 0 2 1 3.00000000000000
290 120.77597274463272 31.59131638379871 2.15475845336914 0.00044542236719 3 4 0 0 2 1 3.00000000000000
291 120.77596933414549 31.59132054662244 2.15460038185120 0.00073739251820 3 4 0 0 2 1 3.00000000000000
292 120.77596618479535 31.59132437522018 2.15406227111816 0.00167433999013 3 4 0 0 2 1 3.00000000000000
293 120.77596308354960 31.59132817504002 2.15371847152710 0.00005323968799 3 4 0 0 2 1 3.00000000000000
294 120.77595999485942 31.59133195778132 2.15375041961670 0.00078766321531 3 4 0 0 2 1 3.00000000000000
295 120.77595667012309 31.59133603278515 2.15309834480286 0.00092485162895 3 4 0 0 2 1 3.00000000000000
296 120.77595364677518 31.59133977577523 2.15260148048401 -0.00022947444813 3 4 0 0 2 1 3.00000000000000
297 120.77595064302322 31.59134349059094 2.15250039100647 -0.00036214824650 3 4 0 0 2 1 3.00000000000000
298 120.77594716411770 31.59134779837793 2.15209341049194 0.00107624998782 3 4 0 0 2 1 3.00000000000000
299 120.77594396922819 31.59135176464694 2.15155339241028 0.00066091725603 3 4 0 0 2 1 3.00000000000000
300 120.77594057178231 31.59135600005909 2.15139245986938 0.00059012288693 3 4 0 0 2 1 3.00000000000000
301 120.77593720466929 31.59136018997910 2.15116047859192 0.00059852789855 3 4 0 0 2 1 3.00000000000000
302 120.77593390095443 31.59136432607345 2.15053033828735 0.00006191289140 3 4 0 0 2 1 3.00000000000000
303 120.77593088251618 31.59136807488913 2.15043139457703 0.00082740507787 3 4 0 0 2 1 3.00000000000000
304 120.77592770609014 31.59137202145210 2.15008831024170 0.00246954103932 3 4 0 0 2 1 3.00000000000000
305 120.77592457550919 31.59137587044532 2.14974927902222 -0.00039791964809 3 4 0 0 2 1 3.00000000000000
306 120.77592153380684 31.59137963944380 2.14958143234253 0.00089905021014 3 4 0 0 2 1 3.00000000000000
307 120.77591836367225 31.59138351435137 2.14965629577637 0.00174515624531 3 4 0 0 2 1 3.00000000000000
308 120.77591516274231 31.59138743125389 2.14909148216248 0.00129802175798 3 4 0 0 2 1 3.00000000000000
309 120.77591184199203 31.59139152208805 2.14909148216248 -0.00056506617693 3 4 0 0 2 1 3.00000000000000
310 120.77590866226953 31.59139544532536 2.14896845817566 -0.00152030354366 3 4 0 0 2 1 3.00000000000000
311 120.77590542966122 31.59139937785107 2.14849448204041 0.00034989201231 3 4 0 0 2 1 3.00000000000000
312 120.77590239701838 31.59140307261618 2.14849042892456 0.00026408402482 3 4 0 0 2 1 3.00000000000000
313 120.77589947276191 31.59140603745224 2.14829349517822 0.14917449653149 3 4 3 0 2 1 3.00000000000000
314 120.77589633510721 31.59140982423901 2.14796638488770 -0.00162427104078 10 4 0 1 2 1 3.00000000000000
315 120.77589324634560 31.59141366544894 2.14745044708252 0.00206150952727 10 4 0 1 2 1 3.00000000000000
316 120.77589026250693 31.59141742562417 2.14635944366455 0.00573973124847 10 4 0 1 2 1 3.00000000000000
317 120.77588724402045 31.59142129870543 2.14359927177429 0.00624290620908 10 4 0 1 2 1 3.00000000000000
318 120.77588413243568 31.59142531114225 2.13978147506714 0.00620212266222 10 4 0 1 2 1 3.00000000000000
319 120.77588109383454 31.59142923557878 2.13555836677551 0.01119428128004 10 4 0 1 2 1 3.00000000000000
320 120.77587809119865 31.59143327965589 2.12839627265930 0.01335315126926 10 4 0 1 2 1 3.00000000000000
321 120.77587517383424 31.59143733370286 2.12092638015747 0.01267379708588 10 4 0 1 2 1 3.00000000000000
322 120.77587236134200 31.59144135890212 2.11180138587952 0.01896118558943 10 4 0 1 2 1 3.00000000000000
323 120.77586974503852 31.59144535561093 2.09881949424744 0.02699480392039 10 4 0 1 2 1 3.00000000000000
324 120.77586707544529 31.59144971283081 2.08139228820801 0.03545530140400 10 4 0 1 2 1 3.00000000000000
325 120.77586464937511 31.59145407237360 2.06075239181519 0.04367239773273 10 4 0 1 2 1 3.00000000000000
326 120.77586231906413 31.59145858444004 2.03743743896484 0.04444671794772 10 4 0 1 2 1 3.00000000000000
327 120.77586022654599 31.59146309267299 2.01153445243835 0.05307263135910 10 4 0 1 2 1 3.00000000000000
328 120.77585840529878 31.59146754178865 1.98225843906403 0.06180354580283 10 4 0 1 2 1 3.00000000000000
329 120.77585690211463 31.59147193734995 1.94909834861755 0.06956001371145 10 4 0 1 2 1 3.00000000000000
330 120.77585559727365 31.59147673656283 1.90930736064911 0.07988200336695 10 4 0 1 2 1 3.00000000000000
331 120.77585465032352 31.59148118197267 1.86940836906433 0.08116429299116 10 4 0 1 2 1 3.00000000000000
332 120.77585387184175 31.59148601412437 1.82608342170715 0.08285144716501 10 4 0 1 2 1 3.00000000000000
333 120.77585336865060 31.59149069127318 1.78343939781189 0.08434639126062 10 4 0 1 2 1 3.00000000000000
334 120.77585311096948 31.59149544684545 1.74074542522430 0.08322523534298 10 4 0 1 2 1 3.00000000000000
335 120.77585308065392 31.59150000803622 1.70024538040161 0.07995246350765 10 4 0 1 2 1 3.00000000000000
336 120.77585325297488 31.59150489809020 1.65637838840485 0.08120489865541 10 4 0 1 2 1 3.00000000000000
337 120.77585364449902 31.59150981797226 1.61344838142395 0.07671446353197 10 4 0 1 2 1 3.00000000000000
338 120.77585419458248 31.59151448751908 1.57345640659332 0.07588841766119 10 4 0 1 2 1 3.00000000000000
339 120.77585504578052 31.59151946797404 1.53140044212341 0.07937946170568 10 4 0 1 2 1 3.00000000000000
340 120.77585616862403 31.59152442310859 1.48885536193848 0.07872913032770 10 4 0 1 2 1 3.00000000000000
341 120.77585737554807 31.59152903750999 1.44621133804321 0.08405147492886 10 4 0 1 2 1 3.00000000000000
342 120.77585896212085 31.59153382743756 1.40120339393616 0.08111596107483 10 4 0 1 2 1 3.00000000000000
343 120.77586079777905 31.59153848899414 1.35679340362549 0.08029937744141 10 4 0 1 2 1 3.00000000000000
344 120.77586274598913 31.59154277330074 1.31568241119385 0.08725580573082 10 4 0 1 2 1 3.00000000000000
345 120.77586495629095 31.59154718341628 1.27111732959747 0.07811311632395 10 4 0 1 2 1 3.00000000000000
346 120.77586749378806 31.59155169686652 1.22654736042023 0.08720296621323 10 4 0 1 2 1 3.00000000000000
347 120.77587011137389 31.59155579972299 1.18344438076019 0.08108346164227 10 4 0 1 2 1 3.00000000000000
348 120.77587290374538 31.59155975363033 1.14085936546326 0.08589655160904 10 4 0 1 2 1 3.00000000000000
349 120.77587603847807 31.59156374901786 1.09675133228302 0.08618001639843 10 4 0 1 2 1 3.00000000000000
350 120.77587949014239 31.59156776099131 1.05081439018250 0.08456670492887 10 4 0 1 2 1 3.00000000000000
351 120.77588303682032 31.59157147902186 1.00485539436340 0.08744916319847 10 4 0 1 2 1 3.00000000000000
352 120.77588680378761 31.59157502348236 0.95903640985489 0.09159721434116 10 4 0 1 2 1 3.00000000000000
353 120.77589067123841 31.59157826916842 0.91136240959167 0.10152034461498 10 4 0 1 2 1 3.00000000000000
354 120.77589489450638 31.59158137627803 0.85869741439819 0.10739897936583 10 4 0 1 2 1 3.00000000000000
355 120.77589927070427 31.59158418252432 0.80453741550446 0.11683814227581 10 4 0 1 2 1 3.00000000000000
356 120.77590379189537 31.59158667114689 0.74681836366653 0.12728890776634 10 4 0 1 2 1 3.00000000000000
357 120.77590845969938 31.59158885734830 0.68694537878036 0.12726595997810 10 4 0 1 2 1 3.00000000000000
358 120.77591313460462 31.59159093918200 0.62679141759872 0.03186396881938 10 4 0 1 2 1 3.00000000000000
359 120.77591324541544 31.59159093488666 0.62716639041901 -0.11239974200726 10 4 3 1 2 1 3.00000000000000
360 120.77591759421828 31.59159356556518 0.60581737756729 0.03250166401267 10 4 0 0 1 1 3.00000000000000
361 120.77592207949007 31.59159599989759 0.59261637926102 0.02277947403491 10 4 0 0 1 1 3.00000000000000
362 120.77592682991529 31.59159863110425 0.58308839797974 0.01199748087674 10 4 0 0 1 1 3.00000000000000
363 120.77593128794511 31.59160113885117 0.57852441072464 0.00767917884514 10 4 0 0 1 1 3.00000000000000
364 120.77593576705276 31.59160365103872 0.57444536685944 0.00829842872918 10 4 0 0 1 1 3.00000000000000
365 120.77594047007321 31.59160627318059 0.57013839483261 0.00544804427773 10 4 0 0 1 1 3.00000000000000
366 120.77594534877048 31.59160893956578 0.56541436910629 0.00831339322031 10 4 0 0 1 1 3.00000000000000
367 120.77595029295161 31.59161163749775 0.56078135967255 0.00826909951866 10 4 0 0 1 1 3.00000000000000
368 120.77595527444674 31.59161433127951 0.55606138706207 0.00907493941486 10 4 0 0 1 1 3.00000000000000
369 120.77595993968346 31.59161682386697 0.55172336101532 0.00934725627303 10 4 0 0 1 1 3.00000000000000
370 120.77596454419036 31.59161924072437 0.54758036136627 0.00651933019981 10 4 0 0 1 1 3.00000000000000
371 120.77596966324381 31.59162191698859 0.54301238059998 0.00657125469297 10 4 0 0 1 1 3.00000000000000
372 120.77597435709478 31.59162435153663 0.53890138864517 0.00850141327828 10 4 0 0 1 1 3.00000000000000
373 120.77597927343400 31.59162685694739 0.53462541103363 0.00566263310611 10 4 0 0 1 1 3.00000000000000
374 120.77598401052086 31.59162926960189 0.53176039457321 0.00558785023168 10 4 0 0 1 1 3.00000000000000
375 120.77598855607745 31.59163156028671 0.52856439352036 0.00740154739469 10 4 0 0 1 1 3.00000000000000
376 120.77599325736610 31.59163391726817 0.52521336078644 0.00430595921353 10 4 0 0 1 1 3.00000000000000
377 120.77599810714361 31.59163634030472 0.52242040634155 0.00422011036426 10 4 0 0 1 1 3.00000000000000
378 120.77600268718903 31.59163863456537 0.52006137371063 0.00281627429649 10 4 0 0 1 1 3.00000000000000
379 120.77600783266369 31.59164120112430 0.51812738180161 0.00277275359258 10 4 0 0 1 1 3.00000000000000
380 120.77601313217845 31.59164384610760 0.51698440313339 0.00253044208512 10 4 0 0 1 1 3.00000000000000
381 120.77601856655131 31.59164657378261 0.51586139202118 0.00172226736322 10 4 0 0 1 1 3.00000000000000
382 120.77602320629273 31.59164889113174 0.51464337110519 0.00296930340119 10 4 0 0 1 1 3.00000000000000
383 120.77602843674512 31.59165149158425 0.51355737447739 0.00113192084245 10 4 0 0 1 1 3.00000000000000
384 120.77603329683913 31.59165392552519 0.51277536153793 0.00140647706576 10 4 0 0 1 1 3.00000000000000
385 120.77603825745989 31.59165640677893 0.51222139596939 0.00064092729008 10 4 0 0 1 1 3.00000000000000
386 120.77604330956829 31.59165893113104 0.51206940412521 0.00070681335637 10 4 0 0 1 1 3.00000000000000
387 120.77604845217293 31.59166149708495 0.51181638240814 0.00057093449868 10 4 0 0 1 1 3.00000000000000
388 120.77605315836168 31.59166383581375 0.51136440038681 0.00000200116233 10 4 0 0 1 1 3.00000000000000
389 120.77605847866137 31.59166644229594 0.51098936796188 0.00037050707033 10 4 0 0 1 1 3.00000000000000
390 120.77606384365026 31.59166909693042 0.51091438531876 -0.00071230693720 10 4 0 0 1 1 3.00000000000000
391 120.77606925869050 31.59167175544543 0.51018440723419 0.00062385405181 10 4 0 0 1 1 3.00000000000000
392 120.77607473048931 31.59167444293971 0.50965636968613 0.00152330007404 10 4 0 0 1 1 3.00000000000000
393 120.77607967817336 31.59167689730234 0.50934439897537 0.00008236370195 10 4 0 0 1 1 3.00000000000000
394 120.77608522120106 31.59167963600547 0.50862139463425 0.00158637971617 10 4 0 0 1 1 3.00000000000000
395 120.77609080006039 31.59168239984707 0.50833237171173 -0.00006897347339 10 4 0 0 1 1 3.00000000000000
396 120.77609642427184 31.59168516357125 0.50813835859299 0.00042738762568 10 4 0 0 1 1 3.00000000000000
397 120.77610206385191 31.59168795670488 0.50758540630341 0.00059091288131 10 4 0 0 1 1 3.00000000000000
398 120.77610716218726 31.59169045544304 0.50723737478256 0.00094796263147 10 4 0 0 1 1 3.00000000000000
399 120.77611282737173 31.59169322307761 0.50661236047745 0.00099323864561 10 4 0 0 1 1 3.00000000000000
400 120.77611844943952 31.59169595090855 0.50583839416504 0.00105661735870 10 4 0 0 1 1 3.00000000000000
401 120.77612400228598 31.59169867872362 0.50546836853027 0.00062817457365 10 4 0 0 1 1 3.00000000000000
402 120.77612951398194 31.59170139332791 0.50488537549973 0.00215802178718 10 4 0 0 1 1 3.00000000000000
403 120.77613443382450 31.59170380898679 0.50452136993408 0.00017355190357 10 4 0 0 1 1 3.00000000000000
404 120.77613986273673 31.59170645448671 0.50440239906311 0.00065000564791 10 4 0 0 1 1 3.00000000000000
405 120.77614523707940 31.59170908446694 0.50378137826920 0.00109089270700 10 4 0 0 1 1 3.00000000000000
406 120.77615057029209 31.59171169108161 0.50330436229706 -0.00046245011617 10 4 0 0 1 1 3.00000000000000
407 120.77615586393408 31.59171426438617 0.50310140848160 0.00098282028921 10 4 0 0 1 1 3.00000000000000
408 120.77616160038892 31.59171707001027 0.50265336036682 0.00031700133695 10 4 0 0 1 1 3.00000000000000
409 120.77616676051791 31.59171958688344 0.50247341394424 -0.00076109502697 10 4 0 0 1 1 3.00000000000000
410 120.77617190560866 31.59172209099910 0.50216639041901 0.00229335832410 10 4 0 0 1 1 3.00000000000000
411 120.77617703233889 31.59172459478531 0.50138539075851 0.00144427106716 10 4 0 0 1 1 3.00000000000000
412 120.77618212382414 31.59172709288529 0.50099438428879 0.00091335986508 10 4 0 0 1 1 3.00000000000000
413 120.77618769171220 31.59172981522475 0.50072538852692 0.00193605257664 10 4 0 0 1 1 3.00000000000000
414 120.77619270041953 31.59173225644398 0.50018239021301 0.00085088977357 10 4 0 0 1 1 3.00000000000000
415 120.77619764850574 31.59173468134830 0.49997138977051 0.00001393297680 10 4 0 0 1 1 3.00000000000000
416 120.77620254224510 31.59173707789272 0.49951440095901 0.00101121701300 10 4 0 0 1 1 3.00000000000000
417 120.77620733818367 31.59173943627378 0.49902239441872 0.00033942845766 10 4 0 0 1 1 3.00000000000000
418 120.77621248201110 31.59174195899367 0.49897038936615 -0.00042965292232 10 4 0 0 1 1 3.00000000000000
419 120.77621781946651 31.59174456593140 0.49883538484573 -0.00027516103000 10 4 0 0 1 1 3.00000000000000
420 120.77622280595465 31.59174700691297 0.49862438440323 0.00034474802669 10 4 0 0 1 1 3.00000000000000
421 120.77622744370571 31.59174928162064 0.49864038825035 -0.00204080576077 10 4 0 0 1 1 3.00000000000000
422 120.77623207545383 31.59175154808478 0.49814438819885 0.00164991908241 10 4 0 0 1 1 3.00000000000000
423 120.77623716595267 31.59175404567246 0.49816039204597 -0.00105952215381 10 4 0 0 1 1 3.00000000000000
424 120.77624202746064 31.59175642323776 0.49834439158440 0.00065779167926 10 4 0 0 1 1 3.00000000000000
425 120.77624697041313 31.59175881603480 0.49844539165497 -0.00118261645548 10 4 0 0 1 1 3.00000000000000
426 120.77625170506090 31.59176111111192 0.49868139624596 0.00099847582169 10 4 0 0 1 1 3.00000000000000
427 120.77625610256918 31.59176360285198 0.50051236152649 -0.00586153101176 10 4 0 2 1 1 3.00000000000000
428 120.77626080987639 31.59176612442627 0.50843441486359 -0.02053407765925 10 4 0 2 1 1 3.00000000000000
429 120.77626536147456 31.59176870582882 0.52062737941742 -0.02738194353878 10 4 0 2 1 1 3.00000000000000
430 120.77626986690605 31.59177141230256 0.53553539514542 -0.03069433197379 10 4 0 2 1 1 3.00000000000000
431 120.77627439915777 31.59177420913127 0.54997837543488 -0.02451821416616 10 4 0 2 1 1 3.00000000000000
432 120.77627905658559 31.59177715467121 0.56366938352585 -0.02296047657728 10 4 0 2 1 1 3.00000000000000
433 120.77628350642968 31.59178001865024 0.57560735940933 -0.01932725682855 10 4 0 2 1 1 3.00000000000000
434 120.77628794371257 31.59178285719369 0.58408939838409 -0.01087095215917 10 4 0 2 1 1 3.00000000000000
435 120.77629234876272 31.59178565232030 0.58912140130997 -0.00971183832735 10 4 0 2 1 1 3.00000000000000
436 120.77629699114132 31.59178850593399 0.59239137172699 -0.00403942726552 10 4 0 2 1 1 3.00000000000000
437 120.77630147994509 31.59179120201212 0.59324240684509 0.00028311889037 10 4 0 2 1 1 3.00000000000000
438 120.77630619860963 31.59179398245186 0.59066838026047 0.00732980854809 10 4 0 2 1 1 3.00000000000000
439 120.77631092624499 31.59179665888031 0.58412837982178 0.01622128672898 10 4 0 2 1 1 3.00000000000000
440 120.77631545222985 31.59179908930681 0.57546341419220 0.01395738963038 10 4 0 2 1 1 3.00000000000000
441 120.77632019044241 31.59180159530738 0.56633836030960 0.01526485849172 10 4 0 2 1 1 3.00000000000000
442 120.77632514973430 31.59180422097826 0.55878835916519 0.01494623161852 10 4 0 2 1 1 3.00000000000000
443 120.77632973742922 31.59180664140499 0.55288439989090 0.01029122807086 10 4 0 2 1 1 3.00000000000000
444 120.77633469368332 31.59180921516702 0.54697841405869 0.00987317319959 10 4 0 2 1 1 3.00000000000000
445 120.77633923501023 31.59181156472352 0.54207640886307 0.01083535514772 10 4 0 2 1 1 3.00000000000000
446 120.77634384225557 31.59181393322097 0.53795737028122 0.00652888277546 10 4 0 2 1 1 3.00000000000000
447 120.77634861417442 31.59181637471699 0.53382337093353 0.00708052003756 10 4 0 2 1 1 3.00000000000000
448 120.77635340241939 31.59181880976229 0.52982240915298 0.00606570905074 10 4 0 2 1 1 3.00000000000000
449 120.77635806506277 31.59182118370721 0.52612340450287 0.00382216903381 10 4 0 2 1 1 3.00000000000000
450 120.77636256548197 31.59182352695372 0.52406036853790 0.02655829302967 10 4 0 2 1 1 3.00000000000000
451 120.77636727485003 31.59182560973444 0.52338737249374 -0.00399388466030 10 4 0 1 1 1 4.65000009536743
452 120.77637186420804 31.59182801387644 0.52419239282608 -0.00162502250168 10 4 0 1 1 1 4.65000009536743
453 120.77637672364747 31.59183055132362 0.52425336837769 -0.00110158044845 10 4 0 1 1 1 4.65000009536743
454 120.77638158883147 31.59183306987117 0.52375537157059 0.00101136614103 10 4 0 1 1 1 4.65000009536743
455 120.77638646896216 31.59183557238481 0.52239435911179 0.00130239222199 10 4 0 1 1 1 4.65000009536743
456 120.77639110973598 31.59183795289931 0.52136540412903 0.00164457049686 10 4 0 1 1 1 4.65000009536743
457 120.77639618431930 31.59184053590679 0.51980239152908 0.00202527176589 10 4 0 1 1 1 4.65000009536743
458 120.77640073655151 31.59184286177736 0.51898437738419 0.00156133400742 10 4 0 1 1 1 4.65000009536743
459 120.77640590912283 31.59184549946556 0.51820737123489 0.00094831397291 10 4 0 1 1 1 4.65000009536743
460 120.77641068840487 31.59184794158204 0.51757436990738 -0.00002225607932 10 4 0 1 1 1 4.65000009536743
461 120.77641568900532 31.59185050931828 0.51694339513779 0.00225102738477 10 4 0 1 1 1 4.65000009536743
462 120.77642054831179 31.59185298252611 0.51613640785217 0.00137384689879 10 4 0 1 1 1 4.65000009536743
463 120.77642521450039 31.59185535132249 0.51553636789322 0.00068619597005 10 4 0 1 1 1 4.65000009536743
464 120.77643001440792 31.59185782243756 0.51510238647461 0.00069152633660 10 4 0 1 1 1 4.65000009536743
465 120.77643498054344 31.59186038154548 0.51495337486267 -0.00025215843925 10 4 0 1 1 1 4.65000009536743
466 120.77643967973648 31.59186280523815 0.51523536443710 -0.00093617732637 10 4 0 1 1 1 4.65000009536743
467 120.77644496267955 31.59186552878423 0.51543438434601 -0.00008392227028 10 4 0 1 1 1 4.65000009536743
468 120.77644948862020 31.59186785049729 0.51516938209534 -0.00068857759470 10 4 0 1 1 1 4.65000009536743
469 120.77645414343471 31.59187023510373 0.51486539840698 -0.00029621852445 10 4 0 1 1 1 4.65000009536743
470 120.77645891120333 31.59187267018042 0.51472938060760 0.00187120866030 10 4 0 1 1 1 4.65000009536743
471 120.77646429088020 31.59187541340974 0.51431638002396 0.00049388059415 10 4 0 1 1 1 4.65000009536743
472 120.77646931382711 31.59187796098528 0.51376336812973 -0.00009786213923 10 4 0 1 1 1 4.65000009536743
473 120.77647443921259 31.59188056860316 0.51371240615845 -0.00067630433477 10 4 0 1 1 1 4.65000009536743
474 120.77647968998421 31.59188323669921 0.51325738430023 0.00077389751095 10 4 0 1 1 1 4.65000009536743
475 120.77648506245798 31.59188597229833 0.51285839080811 -0.00098453427199 10 4 0 1 1 1 4.65000009536743
476 120.77648999498133 31.59188847566154 0.51270335912704 0.00047927498235 10 4 0 1 1 1 4.65000009536743
477 120.77649557964919 31.59189131006493 0.51222139596939 0.00117154081818 10 4 0 1 1 1 4.65000009536743
478 120.77650012702163 31.59189362599790 0.51179140806198 0.00067797093652 10 4 0 1 1 1 4.65000009536743
479 120.77650474550023 31.59189597580880 0.51159739494324 0.00035991382902 10 4 0 1 1 1 4.65000009536743
480 120.77650944681614 31.59189835370673 0.51114237308502 0.00110528466757 10 4 0 1 1 1 4.65000009536743
481 120.77651422833607 31.59190076690576 0.51057040691376 -0.00003733354242 10 4 0 1 1 1 4.65000009536743
482 120.77651968489782 31.59190352950208 0.51035839319229 0.00085724890232 10 4 0 1 1 1 4.65000009536743
483 120.77652460976917 31.59190602381828 0.50999337434769 0.00124386593234 10 4 0 1 1 1 4.65000009536743
484 120.77652961692498 31.59190855329014 0.50938737392426 0.00160669814795 10 4 0 1 1 1 4.65000009536743
485 120.77653470915271 31.59191112536285 0.50915837287903 -0.00022137972701 10 4 0 1 1 1 4.65000009536743
486 120.77653986757690 31.59191372998248 0.50893139839172 0.00105056923348 10 4 0 1 1 1 4.65000009536743
487 120.77654509697145 31.59191637475152 0.50831538438797 0.00070362834958 10 4 0 1 1 1 4.65000009536743
488 120.77654973458044 31.59191872280529 0.50821840763092 -0.00072249525692 10 4 0 1 1 1 4.65000009536743
489 120.77655509592633 31.59192142616565 0.50799340009689 0.00076726177940 10 4 0 1 1 1 4.65000009536743
490 120.77656052663195 31.59192416886060 0.50762540102005 0.00048114664969 10 4 0 1 1 1 4.65000009536743
491 120.77656600756960 31.59192694630286 0.50761836767197 -0.00048021491966 10 4 0 1 1 1 4.65000009536743
492 120.77657155682699 31.59192974674430 0.50747841596603 0.00074356544064 10 4 0 1 1 1 4.65000009536743
493 120.77657717087254 31.59193257973422 0.50714141130447 0.00084042892559 10 4 0 1 1 1 4.65000009536743
494 120.77658354657819 31.59193580627173 0.50717937946320 0.00026081828400 10 4 0 1 1 1 4.65000009536743
495 120.77658926806654 31.59193870451873 0.50698137283325 -0.00016587866412 10 4 0 1 1 1 4.65000009536743
496 120.77659504818267 31.59194162230915 0.50680536031723 0.00099798222072 10 4 0 1 1 1 4.65000009536743
497 120.77660087722762 31.59194457141829 0.50663840770721 -0.00009399463306 10 4 0 1 1 1 4.65000009536743
498 120.77660674653626 31.59194753868144 0.50632238388062 0.00076279207133 10 4 0 1 1 1 4.65000009536743
499 120.77661264812672 31.59195051819783 0.50609737634659 0.00131008971948 10 4 0 1 1 1 4.65000009536743
500 120.77661859043469 31.59195350624931 0.50560337305069 0.00099049939308 10 4 0 1 1 1 4.65000009536743
501 120.77662380792474 31.59195611936778 0.50512140989304 0.00049373030197 10 4 0 1 1 1 4.65000009536743
502 120.77662977961438 31.59195911306440 0.50468736886978 0.00065976183396 10 4 0 1 1 1 4.65000009536743
503 120.77663576521749 31.59196209746081 0.50406241416931 0.00036143479520 10 4 0 1 1 1 4.65000009536743
504 120.77664175640390 31.59196507836084 0.50348836183548 0.00109011062887 10 4 0 1 1 1 4.65000009536743
505 120.77664774885037 31.59196806320553 0.50283139944077 0.00126698764507 10 4 0 1 1 1 4.65000009536743
506 120.77665373460457 31.59197105462884 0.50221240520477 0.00153433741070 10 4 0 1 1 1 4.65000009536743
507 120.77665898364533 31.59197365750182 0.50173336267471 0.00159541878384 10 4 0 1 1 1 4.65000009536743
508 120.77666498928328 31.59197664097548 0.50105535984039 0.00186218135059 10 4 0 1 1 1 4.65000009536743
509 120.77667098740751 31.59197961500726 0.50037437677383 0.00117849733215 10 4 0 1 1 1 4.65000009536743
510 120.77667698634295 31.59198258640105 0.49977937340736 0.00018544528575 10 4 0 1 1 1 4.65000009536743
511 120.77668299874489 31.59198555356334 0.49903640151024 0.00095004733885 10 4 0 1 1 1 4.65000009536743
512 120.77668901079961 31.59198851528359 0.49838137626648 0.00159406114835 10 4 0 1 1 1 4.65000009536743
513 120.77669503143395 31.59199147242715 0.49766138195992 0.00081275909906 10 4 0 1 1 1 4.65000009536743
514 120.77670029041172 31.59199405881270 0.49709740281105 0.00136167963501 10 4 0 1 1 1 4.65000009536743
515 120.77670630013453 31.59199701730809 0.49654439091682 0.00102518708445 10 4 0 1 1 1 4.65000009536743
516 120.77671232353612 31.59199996895055 0.49589738249779 0.00085147708887 10 4 0 1 1 1 4.65000009536743
517 120.77671834159277 31.59200291431901 0.49546939134598 0.00133104389533 10 4 0 1 1 1 4.65000009536743
518 120.77672436483680 31.59200585665887 0.49492639303207 0.00019416344003 10 4 0 1 1 1 4.65000009536743
519 120.77673038946892 31.59200879256982 0.49441540241241 0.00015791504120 10 4 0 1 1 1 4.65000009536743
520 120.77673565921403 31.59201135609036 0.49392238259315 0.00070677173790 10 4 0 1 1 1 4.65000009536743
521 120.77674168261437 31.59201430404071 0.49349337816238 0.00060940976255 10 4 0 1 1 1 4.65000009536743
522 120.77674770421892 31.59201723837036 0.49296739697456 0.00075263506733 10 4 0 1 1 1 4.65000009536743
523 120.77675373326207 31.59202016560993 0.49244940280914 -0.00050192757044 10 4 0 1 1 1 4.65000009536743
524 120.77675975324610 31.59202307955662 0.49186939001083 0.00061256653862 10 4 0 1 1 1 4.65000009536743
525 120.77676572892567 31.59202598611692 0.49148237705231 0.00104706466664 10 4 0 1 1 1 4.65000009536743
526 120.77677168840916 31.59202887701777 0.49104440212250 0.00126585015096 10 4 0 1 1 1 4.65000009536743
527 120.77677688123758 31.59203139111464 0.49074938893318 0.00079466798343 10 4 0 1 1 1 4.65000009536743
528 120.77678279009083 31.59203425213372 0.49032738804817 0.00010544614634 10 4 0 1 1 1 4.65000009536743
529 120.77678867206444 31.59203709396357 0.48987138271332 0.00119995919522 10 4 0 1 1 1 4.65000009536743
530 120.77679452965116 31.59203992478676 0.48963338136673 -0.00008396542398 10 4 0 1 1 1 4.65000009536743
531 120.77680036477598 31.59204273911066 0.48925137519836 0.00061593903229 10 4 0 1 1 1 4.65000009536743
532 120.77680617756540 31.59204553946100 0.48883438110352 -0.00016218735254 10 4 0 1 1 1 4.65000009536743
533 120.77681268180362 31.59204866686523 0.48824739456177 0.00123952527065 10 4 0 1 1 1 4.65000009536743
534 120.77681843242516 31.59205143157610 0.48790138959885 0.00079905497842 10 4 0 1 1 1 4.65000009536743
535 120.77682416335540 31.59205417778968 0.48746937513351 0.00099776335992 10 4 0 1 1 1 4.65000009536743
536 120.77682986463932 31.59205690864373 0.48716238141060 0.00063713890268 10 4 0 1 1 1 4.65000009536743
537 120.77683553928524 31.59205963113979 0.48682439327240 0.00107203330845 10 4 0 1 1 1 4.65000009536743
538 120.77684118156445 31.59206232833590 0.48644137382507 0.00071926630335 10 4 0 1 1 1 4.65000009536743
539 120.77684678530215 31.59206500944635 0.48649337887764 0.00027905704337 10 4 0 1 1 1 4.65000009536743
540 120.77685167184059 31.59206734907095 0.48628237843513 -0.00001153262019 10 4 0 1 1 1 4.65000009536743
541 120.77685724638468 31.59207001478096 0.48580038547516 0.00079763162648 10 4 0 1 1 1 4.65000009536743
542 120.77686279054851 31.59207266881849 0.48560139536858 0.00105380010791 10 4 0 1 1 1 4.65000009536743
543 120.77686831113368 31.59207530082127 0.48519939184189 0.00067565211793 10 4 0 1 1 1 4.65000009536743
544 120.77687380091852 31.59207791075132 0.48472839593887 0.00115285289939 10 4 0 1 1 1 4.65000009536743
545 120.77687924516503 31.59208050841765 0.48449438810349 0.00131044699810 10 4 0 1 1 1 4.65000009536743
546 120.77688398542925 31.59208276478644 0.48418137431145 0.00092089240206 10 4 0 1 1 1 4.65000009536743
547 120.77688935443956 31.59208532624607 0.48396137356758 -0.00033126704511 10 4 0 1 1 1 4.65000009536743
548 120.77689466072943 31.59208784921330 0.48378637433052 0.00061663554516 10 4 0 1 1 1 4.65000009536743
549 120.77689990455445 31.59209033456312 0.48346939682961 0.00112601311412 10 4 0 1 1 1 4.65000009536743
550 120.77690506183761 31.59209278300155 0.48330539464951 0.00030449047335 10 4 0 1 1 1 4.65000009536743
551 120.77691012489099 31.59209517847753 0.48321437835693 0.00034010177478 10 4 0 1 1 1 4.65000009536743
552 120.77691508467564 31.59209752606779 0.48289638757706 -0.00036482539144 10 4 0 1 1 1 4.65000009536743
553 120.77692052568560 31.59210010254418 0.48256537318230 0.00073905207682 10 4 0 1 1 1 4.65000009536743
554 120.77692523499562 31.59210234051857 0.48264539241791 0.00002441328252 10 4 0 1 1 1 4.65000009536743
555 120.77693093223255 31.59210504201125 0.48241639137268 -0.00006413118535 10 4 0 1 1 1 4.65000009536743
556 120.77693639493945 31.59210764818052 0.48231339454651 0.00016338385467 10 4 0 1 1 1 4.65000009536743
557 120.77694163326829 31.59211014811952 0.48234137892723 -0.00006506127102 10 4 0 1 1 1 4.65000009536743
558 120.77694709868565 31.59211274453084 0.48197439312935 0.00048846518621 10 4 0 1 1 1 4.65000009536743
559 120.77695180189288 31.59211498205517 0.48186939954758 0.00073437398532 10 4 0 1 1 1 4.65000009536743
560 120.77695706723782 31.59211749057679 0.48182538151741 0.00265214382671 10 4 0 1 1 1 4.65000009536743
561 120.77696192944425 31.59211979590129 0.48152840137482 0.00021839526016 10 4 0 1 1 1 4.65000009536743
562 120.77696673969760 31.59212206376294 0.48179438710213 0.00059427833185 10 4 0 1 1 1 4.65000009536743
563 120.77697134825937 31.59212424855463 0.48157438635826 0.00149926776066 10 4 0 1 1 1 4.65000009536743
564 120.77697636691012 31.59212662420394 0.48148137331009 -0.00173219491262 10 4 0 1 1 1 4.65000009536743
565 120.77698129247899 31.59212894865014 0.48163539171219 -0.00130835548043 10 4 0 1 1 1 4.65000009536743
566 120.77698590088836 31.59213114851942 0.48197337985039 -0.00463349418715 10 4 0 1 1 1 4.65000009536743
567 120.77699076480329 31.59213320223881 0.47871938347816 0.00532775931060 10 4 0 2 3 1 3.00000000000000
568 120.77699549486904 31.59213526253493 0.47224438190460 0.01980108022690 10 4 0 2 3 1 3.00000000000000
569 120.77700054290995 31.59213730450267 0.45986339449883 0.02639883384109 10 4 0 2 3 1 3.00000000000000
570 120.77700559753040 31.59213923238271 0.44552338123322 0.02670306712389 10 4 0 2 3 1 3.00000000000000
571 120.77701072621787 31.59214113430950 0.43206340074539 0.02378968149424 10 4 0 2 3 1 3.00000000000000
572 120.77701573724455 31.59214293277955 0.41938138008118 0.02388421259820 10 4 0 2 3 1 3.00000000000000
573 120.77702089846572 31.59214475544179 0.40718740224838 0.02293876744807 10 4 0 2 3 1 3.00000000000000
574 120.77702588659821 31.59214645971253 0.39592540264130 0.02207793295383 10 4 0 2 3 1 3.00000000000000
575 120.77703081683019 31.59214811404523 0.38622540235519 0.01704460009933 10 4 0 2 3 1 3.00000000000000
576 120.77703616886785 31.59214991208581 0.37756937742233 0.01448691356927 10 4 0 2 3 1 3.00000000000000
577 120.77704141739424 31.59215168288696 0.37122139334679 0.00785805843771 10 4 0 2 3 1 3.00000000000000
578 120.77704650153261 31.59215345470384 0.36878737807274 0.00296788872220 10 4 0 2 3 1 3.00000000000000
579 120.77705170469994 31.59215531151319 0.36802238225937 -0.00258423388004 10 4 0 2 3 1 3.00000000000000
580 120.77705672043123 31.59215712134245 0.36822140216827 -0.00110840296838 10 4 0 2 3 1 3.00000000000000
581 120.77706204644963 31.59215911173548 0.37165439128876 -0.00983341690153 10 4 0 2 3 1 3.00000000000000
582 120.77706732996107 31.59216112171610 0.37590238451958 -0.00895064603537 10 4 0 2 3 1 3.00000000000000
583 120.77707222718387 31.59216302822660 0.38121739029884 -0.00976335536689 10 4 0 2 3 1 3.00000000000000
584 120.77707734069280 31.59216506070855 0.38722938299179 -0.01215632352978 10 4 0 2 3 1 3.00000000000000
585 120.77708236853117 31.59216704486337 0.39307737350464 -0.01182060874999 10 4 0 2 3 1 3.00000000000000
586 120.77708759257555 31.59216913807029 0.39915639162064 -0.01107518840581 10 4 0 2 3 1 3.00000000000000
587 120.77709245881498 31.59217111472255 0.40506738424301 -0.01290027983487 10 4 0 2 3 1 3.00000000000000
588 120.77709768760124 31.59217326628040 0.41106539964676 -0.01224023941904 10 4 0 2 3 1 3.00000000000000
589 120.77710279503535 31.59217538727750 0.41675138473511 -0.00833355169743 10 4 0 2 3 1 3.00000000000000
590 120.77710768001194 31.59217740781411 0.42127537727356 -0.00806318316609 10 4 0 2 3 1 3.00000000000000
591 120.77711264596135 31.59217944329646 0.42416739463806 -0.00168350827880 10 4 0 2 3 1 3.00000000000000
592 120.77711748857668 31.59218143965993 0.42639338970184 -0.00048540299758 10 4 0 2 3 1 3.00000000000000
593 120.77712239839121 31.59218351526192 0.42769238352776 -0.00488996831700 10 4 0 2 3 1 3.00000000000000
594 120.77712711006029 31.59218555539838 0.42874038219452 -0.00517037697136 10 4 0 2 3 1 3.00000000000000
595 120.77713199257035 31.59218757365489 0.42974838614464 0.00424502696842 10 4 0 0 3 1 3.00000000000000
596 120.77713672272606 31.59218956561114 0.43100938200951 -0.00264781084843 10 4 0 0 3 1 3.00000000000000
597 120.77714177890392 31.59219171246263 0.43311038613319 -0.00279845646583 10 4 0 0 3 1 3.00000000000000
598 120.77714681276677 31.59219390235558 0.43542540073395 -0.00408075656742 10 4 0 0 3 1 3.00000000000000
599 120.77715177506882 31.59219603457472 0.43748438358307 -0.00314076687209 10 4 0 0 3 1 3.00000000000000
600 120.77715690747624 31.59219827853806 0.44026437401772 -0.00362642668188 10 4 0 0 3 1 3.00000000000000
601 120.77716209050277 31.59220061095471 0.44343739748001 -0.00551228132099 10 4 0 0 3 1 3.00000000000000
602 120.77716699890600 31.59220283334441 0.44655939936638 -0.00619356660172 10 4 0 0 3 1 3.00000000000000
603 120.77717185044771 31.59220501821451 0.44970339536667 -0.00577390659600 10 4 0 0 3 1 3.00000000000000
604 120.77717660332607 31.59220718452448 0.45215240120888 -0.00391912925988 10 4 0 0 3 1 3.00000000000000
605 120.77718149225885 31.59220945328578 0.45532837510109 -0.00669456785545 10 4 0 0 3 1 3.00000000000000
606 120.77718619086339 31.59221164898117 0.45855540037155 -0.00794294197112 10 4 0 0 3 1 3.00000000000000
607 120.77719130999765 31.59221404287338 0.46193438768387 -0.00559403980151 10 4 0 0 3 1 3.00000000000000
608 120.77719648245865 31.59221648260849 0.46556738018990 -0.00764045305550 10 4 0 0 3 1 3.00000000000000
609 120.77720170546311 31.59221896709042 0.46917340159416 -0.00446051498875 10 4 0 0 3 1 3.00000000000000
610 120.77720657952062 31.59222132470437 0.47285437583923 -0.00485963793471 10 4 0 0 3 1 3.00000000000000
611 120.77721172027914 31.59222381656798 0.47654238343239 -0.00636491971090 10 4 0 0 3 1 3.00000000000000
612 120.77721678702760 31.59222630341961 0.48015439510345 -0.00507014291361 10 4 0 0 3 1 3.00000000000000
613 120.77722148302060 31.59222863104124 0.48322337865829 -0.00436421995983 10 4 0 0 3 1 3.00000000000000
614 120.77722644637922 31.59223109145559 0.48560038208961 -0.00230605294928 10 4 0 0 3 1 3.00000000000000
615 120.77723139671564 31.59223350830001 0.48657739162445 -0.00153398676775 10 4 0 0 3 1 3.00000000000000
616 120.77723598544441 31.59223572620244 0.48741838335991 -0.00095459632576 10 4 0 0 3 1 3.00000000000000
617 120.77724071123534 31.59223797602215 0.48737639188766 -0.00049641315127 10 4 0 0 3 1 3.00000000000000
618 120.77724564391612 31.59224031973627 0.48754638433456 0.00044275927939 10 4 0 0 3 1 3.00000000000000
619 120.77725030415621 31.59224248407934 0.48755440115929 -0.00055533758132 10 4 0 0 3 1 3.00000000000000
620 120.77725513987511 31.59224479480797 0.48726239800453 0.00025855540298 10 4 0 0 3 1 3.00000000000000
621 120.77725979311199 31.59224708235672 0.48737639188766 -0.00370496697724 10 4 0 0 3 1 3.00000000000000
622 120.77726457072465 31.59224906507462 0.48708137869835 0.00427204230800 3 4 0 0 3 1 3.00000000000000
623 120.77726921288635 31.59225130072057 0.48805338144302 -0.00128313014284 3 4 0 0 3 1 3.00000000000000
624 120.77727405680434 31.59225364852153 0.48926037549973 -0.00277317385189 3 4 0 0 3 1 3.00000000000000
625 120.77727882358589 31.59225597555912 0.49018338322639 -0.00318626151420 3 4 0 0 3 1 3.00000000000000
626 120.77728372354355 31.59225839361191 0.49165239930153 -0.00043317009113 3 4 0 0 3 1 3.00000000000000
627 120.77728839357584 31.59226070558033 0.49349740147591 -0.00216812896542 3 4 0 0 3 1 3.00000000000000
628 120.77729313653657 31.59226307992511 0.49482837319374 -0.00479211844504 3 4 0 0 3 1 3.00000000000000
629 120.77729818803626 31.59226561977356 0.49733138084412 -0.00401736563072 3 4 0 0 3 1 3.00000000000000
630 120.77730325243589 31.59226816167702 0.49930340051651 -0.00416101422161 3 4 0 0 3 1 3.00000000000000
631 120.77730828025915 31.59227069831563 0.50166440010071 -0.00459839403629 3 4 0 0 3 1 3.00000000000000
632 120.77731289374343 31.59227303097685 0.50360137224197 -0.00349018094130 3 4 0 0 3 1 3.00000000000000
633 120.77731804906425 31.59227565082179 0.50592839717865 -0.00381085742265 3 4 0 0 3 1 3.00000000000000
634 120.77732305686483 31.59227819931468 0.50776940584183 -0.00346475234255 3 4 0 0 3 1 3.00000000000000
635 120.77732825188149 31.59228085857769 0.50964736938477 -0.00206511048600 3 4 0 0 3 1 3.00000000000000
636 120.77733285833983 31.59228323116131 0.51140838861465 -0.00425827875733 3 4 0 0 3 1 3.00000000000000
637 120.77733801113428 31.59228589307216 0.51304841041565 -0.00124063168187 3 4 0 0 3 1 3.00000000000000
638 120.77734286477336 31.59228842438040 0.51449036598206 -0.00267608044669 3 4 0 0 3 1 3.00000000000000
639 120.77734784318204 31.59229099192993 0.51541936397552 -0.00164271087851 3 4 0 0 3 1 3.00000000000000
640 120.77735292878295 31.59229359076262 0.51553839445114 0.00118202809244 3 4 0 0 3 1 3.00000000000000
641 120.77735765804425 31.59229597910031 0.51508438587189 0.00063965033041 3 4 0 0 3 1 3.00000000000000
642 120.77736288494036 31.59229862849206 0.51478141546249 0.00072057376383 3 4 0 0 3 1 3.00000000000000
643 120.77736816905524 31.59230127909393 0.51395839452744 0.00231757527217 3 4 0 0 3 1 3.00000000000000
644 120.77737347512964 31.59230395215399 0.51309835910797 0.00175106432289 3 4 0 0 3 1 3.00000000000000
645 120.77737879072382 31.59230663112742 0.51271641254425 0.00045030741603 3 4 0 0 3 1 3.00000000000000
646 120.77738364883461 31.59230908066317 0.51209336519241 0.00205128872767 3 4 0 0 3 1 3.00000000000000
647 120.77738889490794 31.59231171436129 0.51134938001633 0.00067015510285 3 4 0 0 3 1 3.00000000000000
648 120.77739408725051 31.59231431079598 0.51109236478806 0.00077994068852 3 4 0 0 3 1 3.00000000000000
649 120.77739922221377 31.59231687776770 0.51049339771271 0.00241367868148 3 4 0 0 3 1 3.00000000000000
650 120.77740387619387 31.59231920670192 0.51005238294601 0.00106038141530 3 4 0 0 3 1 3.00000000000000
651 120.77740889227213 31.59232172277382 0.50997036695480 -0.00000900979740 3 4 0 0 3 1 3.00000000000000
652 120.77741384025855 31.59232422748239 0.51025038957596 -0.00088309863349 3 4 0 0 3 1 3.00000000000000
653 120.77741871771863 31.59232672208239 0.51150840520859 -0.00254323286936 3 4 0 0 3 1 3.00000000000000
654 120.77742393582521 31.59232941464824 0.51257336139679 -0.00190435245167 3 4 0 0 3 1 3.00000000000000
655 120.77742869756639 31.59233186501201 0.51291239261627 0.00004737455311 3 4 0 0 3 1 3.00000000000000
656 120.77743339348447 31.59233428892421 0.51372140645981 -0.00067381560802 3 4 0 0 3 1 3.00000000000000
657 120.77743805444578 31.59233669241661 0.51471537351608 -0.00163538218476 3 4 0 0 3 1 3.00000000000000
658 120.77744309416573 31.59233927053702 0.51494336128235 -0.00101278012153 3 4 0 0 3 1 3.00000000000000
659 120.77744772156161 31.59234164964801 0.51504838466644 -0.00130930112209 3 4 0 0 3 1 3.00000000000000
660 120.77745231945714 31.59234400285661 0.51511937379837 0.00050743465545 3 4 0 0 3 1 3.00000000000000
661 120.77745723577209 31.59234649706752 0.51457041501999 0.00107753381599 3 4 0 0 3 1 3.00000000000000
662 120.77746243963837 31.59234913985017 0.51377940177917 0.00105772120878 3 4 0 0 3 1 3.00000000000000
663 120.77746754322499 31.59235173351195 0.51342040300369 0.00142325449269 3 4 0 0 3 1 3.00000000000000
664 120.77747253362800 31.59235426238552 0.51264441013336 0.00138361949939 3 4 0 0 3 1 3.00000000000000
665 120.77747768165487 31.59235688113543 0.51193338632584 -0.00101989367977 3 4 0 0 3 1 3.00000000000000
666 120.77748230317195 31.59235922620201 0.51156640052795 -0.00002714269431 3 4 0 0 3 1 3.00000000000000
667 120.77748734367084 31.59236176150361 0.51076239347458 0.00171097461134 3 4 0 0 3 1 3.00000000000000
668 120.77749233764969 31.59236426513991 0.51032036542892 0.00155265245121 3 4 0 0 3 1 3.00000000000000
669 120.77749706221054 31.59236666755040 0.51009541749954 0.00027881830465 3 4 0 0 3 1 3.00000000000000
670 120.77750218530700 31.59236926625856 0.50935035943985 0.00140623073094 3 4 0 0 3 1 3.00000000000000
671 120.77750674134899 31.59237159630510 0.50940138101578 -0.00163922016509 3 4 0 0 3 1 3.00000000000000
672 120.77750928274651 31.59237284466771 0.50911039113998 -0.09074670821428 3 4 3 0 3 1 3.00000000000000
673 120.77751413343239 31.59237493398291 0.50757241249084 0.00120910652913 10 4 0 1 3 1 3.00000000000000
674 120.77751879319833 31.59237728512916 0.50744336843491 0.00193320284598 10 4 0 1 3 1 3.00000000000000
675 120.77752334479582 31.59237959431515 0.50814038515091 0.00178164837416 10 4 0 1 3 1 3.00000000000000
676 120.77752791125947 31.59238193401514 0.50941139459610 -0.00302796275355 10 4 0 1 3 1 3.00000000000000
677 120.77753280312700 31.59238448421100 0.51116240024567 -0.00437211524695 10 4 0 1 3 1 3.00000000000000
678 120.77753742973866 31.59238696175902 0.51507741212845 -0.01126926485449 10 4 0 1 3 1 3.00000000000000
679 120.77754210725341 31.59238948592111 0.52186340093613 -0.01747872121632 10 4 0 1 3 1 3.00000000000000
680 120.77754696787120 31.59239224658810 0.53241539001465 -0.02068951167166 10 4 0 1 3 1 3.00000000000000
681 120.77755172376939 31.59239513724313 0.54572039842606 -0.02468893676996 10 4 0 1 3 1 3.00000000000000
682 120.77755635927510 31.59239808635538 0.56129837036133 -0.02861922234297 10 4 0 1 3 1 3.00000000000000
683 120.77756079604373 31.59240109441641 0.57673239707947 -0.02945873141289 10 4 0 1 3 1 3.00000000000000
684 120.77756500446930 31.59240410257606 0.59273236989975 -0.03156332671642 10 4 0 1 3 1 3.00000000000000
685 120.77756930660311 31.59240720890746 0.60929936170578 -0.03175578266382 10 4 0 1 3 1 3.00000000000000
686 120.77757395849051 31.59241064239164 0.62855738401413 -0.03402399271727 10 4 0 1 3 1 3.00000000000000
687 120.77757835187134 31.59241401485989 0.64712339639664 -0.03459988906980 10 4 0 1 3 1 3.00000000000000
688 120.77758219947368 31.59241711024929 0.66519039869308 -0.03862864524126 10 4 0 1 3 1 3.00000000000000
689 120.77758605881328 31.59242032882504 0.68402737379074 -0.03862500935793 10 4 0 1 3 1 3.00000000000000
690 120.77759018176755 31.59242394476214 0.70591139793396 -0.03894393891096 10 4 0 1 3 1 3.00000000000000
691 120.77759398398157 31.59242745282048 0.72658538818359 -0.03969359025359 10 4 0 1 3 1 3.00000000000000
692 120.77759777935339 31.59243107000150 0.74772739410400 -0.04135049134493 10 4 0 1 3 1 3.00000000000000
693 120.77760182290643 31.59243509929910 0.77125138044357 -0.04068674892187 10 4 0 1 3 1 3.00000000000000
694 120.77760556093710 31.59243902392334 0.79332637786865 -0.04004964232445 10 4 0 1 3 1 3.00000000000000
695 120.77760923296613 31.59244306913344 0.81590539216995 -0.03972212225199 10 4 0 1 3 1 3.00000000000000
696 120.77761284726992 31.59244723261819 0.83875238895416 -0.04006475582719 10 4 0 1 3 1 3.00000000000000
697 120.77761615310921 31.59245122968300 0.86040639877319 -0.04012799263000 10 4 0 1 3 1 3.00000000000000
698 120.77761915006239 31.59245500431587 0.88070541620255 -0.04070586338639 10 4 0 1 3 1 3.00000000000000
699 120.77762208461773 31.59245887858982 0.90090739727020 -0.03985502943397 10 4 0 1 3 1 3.00000000000000
700 120.77762494489946 31.59246285070192 0.92129337787628 -0.03944325819612 10 4 0 1 3 1 3.00000000000000
701 120.77762798671543 31.59246724955819 0.94359236955643 -0.03984911367297 10 4 0 1 3 1 3.00000000000000
702 120.77763072321989 31.59247138612161 0.96395039558411 -0.03805905953050 10 4 0 1 3 1 3.00000000000000
703 120.77763333116198 31.59247560611306 0.98459237813950 -0.04029598459601 10 4 0 1 3 1 3.00000000000000
704 120.77763583400912 31.59247983748565 1.00473737716675 -0.03735047951341 10 4 0 1 3 1 3.00000000000000
705 120.77763842961554 31.59248442077126 1.02606642246246 -0.03732607513666 10 4 0 1 3 1 3.00000000000000
706 120.77764070576352 31.59248868436259 1.04615044593811 -0.03879100084305 10 4 0 1 3 1 3.00000000000000
707 120.77764288808527 31.59249294162744 1.06519544124603 -0.03734417259693 10 4 0 1 3 1 3.00000000000000
708 120.77764497418748 31.59249721228183 1.08330237865448 -0.03638570010662 10 4 0 1 3 1 3.00000000000000
709 120.77764710122085 31.59250186335482 1.10284936428070 -0.03440847247839 10 4 0 1 3 1 3.00000000000000
710 120.77764901416901 31.59250614202168 1.11940538883209 -0.03248917683959 10 4 0 1 3 1 3.00000000000000
711 120.77765085865923 31.59251041543985 1.13603937625885 -0.03251498192549 10 4 0 1 3 1 3.00000000000000
712 120.77765259270873 31.59251469122904 1.15308535099030 -0.03228535503149 10 4 0 1 3 1 3.00000000000000
713 120.77765462073802 31.59252004142630 1.17280936241150 -0.03238101676106 10 4 0 1 3 1 3.00000000000000
714 120.77765636645162 31.59252503271729 1.19245243072510 -0.03303750231862 10 4 0 1 3 1 3.00000000000000
715 120.77765798092742 31.59253001775664 1.21138942241669 -0.03264982253313 10 4 0 1 3 1 3.00000000000000
716 120.77765947055923 31.59253497949286 1.23142039775848 -0.03545481339097 10 4 0 1 3 1 3.00000000000000
717 120.77766075894203 31.59253957733445 1.24936842918396 -0.03441535308957 10 4 0 1 3 1 3.00000000000000
718 120.77766199902455 31.59254451212326 1.26750636100769 -0.03183570504189 10 4 0 1 3 1 3.00000000000000
719 120.77766312354315 31.59254942434383 1.28502941131592 -0.03194299712777 10 4 0 1 3 1 3.00000000000000
720 120.77766415848130 31.59255431508861 1.30297744274139 -0.03197399899364 10 4 0 1 3 1 3.00000000000000
721 120.77766501880450 31.59255882138955 1.31923639774323 -0.03153759613633 10 4 0 1 3 1 3.00000000000000
722 120.77766586180630 31.59256365938480 1.33609437942505 -0.03070778585970 10 4 0 1 3 1 3.00000000000000
723 120.77766658938630 31.59256847234183 1.35279738903046 -0.03420219570398 10 4 0 1 3 1 3.00000000000000
724 120.77766724903046 31.59257359715405 1.37004041671753 -0.02961448393762 10 4 0 1 3 1 3.00000000000000
725 120.77766779097135 31.59257834527394 1.38576340675354 -0.03038712218404 10 4 0 1 3 1 3.00000000000000
726 120.77766825889559 31.59258306214434 1.40179038047791 -0.02971207723022 10 4 0 1 3 1 3.00000000000000
727 120.77766863934110 31.59258774821130 1.41703844070435 -0.02959780581295 10 4 0 1 3 1 3.00000000000000
728 120.77766895245099 31.59259272931096 1.43287932872772 -0.02742418274283 10 4 0 1 3 1 3.00000000000000
729 120.77766918219372 31.59259734101352 1.44663143157959 -0.02672162465751 10 4 0 1 3 1 3.00000000000000
730 120.77766934286188 31.59260192234093 1.45929837226868 -0.02442635595798 10 4 0 1 3 1 3.00000000000000
731 120.77766948190124 31.59260678999207 1.47266232967377 -0.02374660782516 10 4 0 1 3 1 3.00000000000000
732 120.77766957171154 31.59261193796675 1.48579239845276 -0.02289955690503 10 4 0 1 3 1 3.00000000000000
733 120.77766958596717 31.59261704307687 1.49800443649292 -0.01987750083208 10 4 0 1 3 1 3.00000000000000
734 120.77766955693242 31.59262210709116 1.50981032848358 -0.02126343920827 10 4 0 1 3 1 3.00000000000000
735 120.77766947482303 31.59262682216903 1.52054536342621 -0.02088147960603 10 4 0 1 3 1 3.00000000000000
736 120.77766934888369 31.59263176656435 1.53038239479065 -0.01810365542769 10 4 0 1 3 1 3.00000000000000
737 120.77766917183881 31.59263660720088 1.54012537002563 -0.01619932800531 10 4 0 1 3 1 3.00000000000000
738 120.77766896995131 31.59264163481123 1.54919040203094 -0.01625022478402 10 4 0 1 3 1 3.00000000000000
739 120.77766873512246 31.59264626015023 1.55655944347382 -0.01215723808855 10 4 0 1 3 1 3.00000000000000
740 120.77766846661279 31.59265077998442 1.56419634819031 -0.01417128089815 10 4 0 1 3 1 3.00000000000000
741 120.77766816243214 31.59265544748604 1.57124042510986 -0.01158993598074 10 4 0 1 3 1 3.00000000000000
742 120.77766779930724 31.59266024998630 1.57879042625427 -0.01339550595731 10 4 0 1 3 1 3.00000000000000
743 120.77766743267971 31.59266491216337 1.58616840839386 -0.01793435774744 10 4 0 1 3 1 3.00000000000000
744 120.77766696372339 31.59266967778319 1.59506535530090 -0.01948729716241 10 4 0 1 3 1 3.00000000000000
745 120.77766632791153 31.59267446719855 1.60801744461060 -0.02501917816699 10 4 0 1 3 1 3.00000000000000
746 120.77766553705978 31.59267917192636 1.62392044067383 -0.03349481523037 10 4 0 1 3 1 3.00000000000000
747 120.77766465091906 31.59268374011600 1.64199340343475 -0.03645578399301 10 4 0 1 3 1 3.00000000000000
748 120.77766362560294 31.59268829699726 1.66137635707855 -0.03553627803922 10 4 0 1 3 1 3.00000000000000
749 120.77766244772900 31.59269291528529 1.68217337131500 -0.04149558767676 10 4 0 1 3 1 3.00000000000000
750 120.77766113341019 31.59269755246044 1.70320534706116 -0.04144457727671 10 4 0 1 3 1 3.00000000000000
751 120.77765974122485 31.59270207851407 1.72409236431122 -0.04425756633282 10 4 0 1 3 1 3.00000000000000
752 120.77765824145705 31.59270649246396 1.74549734592438 -0.04580658674240 10 4 0 1 3 1 3.00000000000000
753 120.77765667142057 31.59271080614326 1.76787543296814 -0.03939833119512 10 4 0 1 3 1 3.00000000000000
754 120.77765493910883 31.59271506998860 1.79853141307831 -0.08026365190744 10 4 0 1 3 1 3.00000000000000
755 120.77765246183225 31.59271913801504 1.85149133205414 -0.10329005122185 10 4 0 1 3 1 3.00000000000000
756 120.77764972162311 31.59272299667841 1.90476441383362 -0.09758734703064 10 4 0 1 3 1 3.00000000000000
757 120.77764674319526 31.59272674694099 1.95602142810822 -0.10102739185095 10 4 0 1 3 1 3.00000000000000
758 120.77764351225109 31.59273039164666 2.00814437866211 -0.10114333033562 10 4 0 1 3 1 3.00000000000000
759 120.77764000500341 31.59273397556921 2.06107735633850 -0.09995950758457 10 4 0 1 3 1 3.00000000000000
760 120.77763654651625 31.59273744356824 2.10494446754456 -0.07340162247419 10 4 0 1 3 1 3.00000000000000
761 120.77763492841659 31.59273916826153 2.12117028236389 0.08014082163572 10 4 3 1 3 1 3.00000000000000
762 120.77763171346598 31.59274277595853 2.14268231391907 -0.02593214623630 10 4 0 0 3 2 3.00000000000000
763 120.77762851440511 31.59274656572846 2.14854335784912 -0.00751381274313 10 4 0 0 3 2 3.00000000000000
764 120.77762545582043 31.59275035330861 2.14907836914062 -0.00090592494234 10 4 0 0 3 2 3.00000000000000
765 120.77762225076791 31.59275429765648 2.14979529380798 -0.00186593900435 10 4 0 0 3 2 3.00000000000000
766 120.77761900291901 31.59275822402315 2.15208745002747 -0.00218125246465 10 4 0 0 3 2 3.00000000000000
767 120.77761582544989 31.59276205386917 2.15421032905579 -0.00266218162142 10 4 0 0 3 2 3.00000000000000
768 120.77761264300399 31.59276581254463 2.15707540512085 -0.00819260720164 10 4 0 0 3 2 3.00000000000000
769 120.77760934140994 31.59276962347361 2.16005539894104 -0.00639620888978 10 4 0 0 3 2 3.00000000000000
770 120.77760604583779 31.59277344968654 2.16352534294128 -0.00528171472251 10 4 0 0 3 2 3.00000000000000
771 120.77760260334301 31.59277741281259 2.16714334487915 -0.00647841533646 10 4 0 0 3 2 3.00000000000000
772 120.77759921635968 31.59278123177911 2.17092943191528 -0.00635451497510 10 4 0 0 3 2 3.00000000000000
773 120.77759594361655 31.59278491981647 2.17412734031677 -0.00459141470492 10 4 0 0 3 2 3.00000000000000
774 120.77759257048523 31.59278867852797 2.17784142494202 -0.00896527711302 10 4 0 0 3 2 3.00000000000000
775 120.77758933672015 31.59279224615921 2.18139529228210 -0.00541626662016 10 4 0 0 3 2 3.00000000000000
776 120.77758581873471 31.59279607782770 2.18512439727783 -0.00580791058019 10 4 0 0 3 2 3.00000000000000
777 120.77758226598650 31.59279996276099 2.18865942955017 -0.00535096367821 10 4 0 0 3 2 3.00000000000000
778 120.77757887921985 31.59280362465946 2.19133639335632 -0.00297426735051 10 4 0 0 3 2 3.00000000000000
779 120.77757523657377 31.59280756917531 2.19383049011230 -0.00480813998729 10 4 0 0 3 2 3.00000000000000
780 120.77757156398961 31.59281154639198 2.19611430168152 -0.00191329594236 10 4 0 0 3 2 3.00000000000000
781 120.77756810653509 31.59281528986700 2.19795942306519 -0.00232482282445 10 4 0 0 3 2 3.00000000000000
782 120.77756440046846 31.59281930367423 2.19920134544373 -0.00173490680754 10 4 0 0 3 2 3.00000000000000
783 120.77756069044031 31.59282333870377 2.20041036605835 -0.00133300747257 10 4 0 0 3 2 3.00000000000000
784 120.77755721176108 31.59282711768570 2.20084643363953 -0.00176975212526 10 4 0 0 3 2 3.00000000000000
785 120.77755354702497 31.59283111979336 2.20096039772034 -0.00031527623651 10 4 0 0 3 2 3.00000000000000
786 120.77754989905887 31.59283510769572 2.20112037658691 -0.00093133182963 10 4 0 0 3 2 3.00000000000000
787 120.77754601021357 31.59283931444029 2.20083045959473 0.00160681118723 10 4 0 0 3 2 3.00000000000000
788 120.77754238552852 31.59284325186746 2.20044040679932 0.00201608124189 10 4 0 0 3 2 3.00000000000000
789 120.77753881552525 31.59284716832795 2.20006036758423 0.00320727680810 10 4 0 0 3 2 3.00000000000000
790 120.77753526112571 31.59285104596700 2.19957947731018 -0.00078984099673 10 4 0 0 3 2 3.00000000000000
791 120.77753197563828 31.59285465093002 2.19895339012146 0.00067008187762 10 4 0 0 3 2 3.00000000000000
792 120.77752853285865 31.59285846711211 2.19835829734802 0.00239300448447 10 4 0 0 3 2 3.00000000000000
793 120.77752510345938 31.59286226388947 2.19766449928284 0.00147801311687 10 4 0 0 3 2 3.00000000000000
794 120.77752149351778 31.59286626135019 2.19697046279907 0.00155714584980 10 4 0 0 3 2 3.00000000000000
795 120.77751815892404 31.59287000273070 2.19629240036011 0.00192027934827 10 4 0 0 3 2 3.00000000000000
796 120.77751484289091 31.59287371541072 2.19534134864807 0.00281444517896 10 4 0 0 3 2 3.00000000000000
797 120.77751133652913 31.59287763832445 2.19462132453918 0.00152392010204 10 4 0 0 3 2 3.00000000000000
798 120.77750812107013 31.59288127500840 2.19421243667603 0.00082619889872 10 4 0 0 3 2 3.00000000000000
799 120.77750456668305 31.59288525950750 2.19359946250916 -0.00094385055127 10 4 0 0 3 2 3.00000000000000
800 120.77750129660295 31.59288890225131 2.19349837303162 0.00121802859940 10 4 0 0 3 2 3.00000000000000
801 120.77749797250571 31.59289263870346 2.19365739822388 -0.00033959271968 10 4 0 0 3 2 3.00000000000000
802 120.77749431648913 31.59289672497774 2.19372439384460 -0.00164479890373 10 4 0 0 3 2 3.00000000000000
803 120.77749108667133 31.59290032352017 2.19368147850037 0.00154890120029 10 4 0 0 3 2 3.00000000000000
804 120.77748783136593 31.59290395640872 2.19411134719849 -0.00227813888341 10 4 0 0 3 2 3.00000000000000
805 120.77748450966712 31.59290764929999 2.19437646865845 -0.00315423170105 10 4 0 0 3 2 3.00000000000000
806 120.77748128240853 31.59291122689236 2.19458627700806 0.00209667766467 10 4 0 0 3 2 3.00000000000000
807 120.77747804238587 31.59291482042509 2.19525647163391 -0.00334383803420 10 4 0 0 3 2 3.00000000000000
808 120.77747476840939 31.59291843624712 2.19572138786316 0.00210978393443 10 4 0 0 3 2 3.00000000000000
809 120.77747269262309 31.59292264919588 2.15518331527710 0.17797413468361 10 4 0 1 0 2 3.00000000000000
810 120.77747198765745 31.59292722015795 2.05962729454041 0.21355673670769 10 4 0 1 0 2 3.00000000000000
811 120.77747178153882 31.59293179793505 1.96282744407654 0.20544289052486 10 4 0 1 0 2 3.00000000000000
812 120.77747191699831 31.59293640143196 1.87094140052795 0.18354302644730 10 4 0 1 0 2 3.00000000000000
813 120.77747217360699 31.59294106120936 1.79018533229828 0.14964151382446 10 4 0 1 0 2 3.00000000000000
814 120.77747217557149 31.59294580519107 1.73085939884186 0.08432617038488 10 4 0 1 0 2 3.00000000000000
815 120.77747175527314 31.59295054005573 1.69821739196777 0.03932691738009 10 4 0 1 0 2 3.00000000000000
816 120.77747091461623 31.59295523193607 1.69013237953186 0.00601039640605 10 4 0 1 0 2 3.00000000000000
817 120.77746976852633 31.59295972173206 1.69757044315338 -0.02045915089548 10 4 0 1 0 2 3.00000000000000
818 120.77746825385159 31.59296419765632 1.72063040733337 -0.05026944726706 10 4 0 1 0 2 3.00000000000000
819 120.77746624482833 31.59296871932019 1.75884532928467 -0.08253329247236 10 4 0 1 0 2 3.00000000000000
820 120.77746389018577 31.59297279497568 1.80695939064026 -0.10260058939457 10 4 0 1 0 2 3.00000000000000
821 120.77746121411219 31.59297700721072 1.85667335987091 -0.08860115706921 10 4 0 1 0 2 3.00000000000000
822 120.77745866200223 31.59298115585644 1.89473938941956 -0.06553330272436 10 4 0 1 0 2 3.00000000000000
823 120.77745615798398 31.59298522009659 1.92597341537476 -0.06018056347966 10 4 0 1 0 2 3.00000000000000
824 120.77745353577833 31.59298930816946 1.95531833171844 -0.05433115735650 10 4 0 1 0 2 3.00000000000000
825 120.77745076909223 31.59299345891875 1.98517036437988 -0.05771398544312 10 4 0 1 0 2 3.00000000000000
826 120.77744801211432 31.59299733323700 2.01443529129028 -0.05734781175852 10 4 0 1 0 2 3.00000000000000
827 120.77744506635712 31.59300119756573 2.04414343833923 -0.05689128488302 10 4 0 1 0 2 3.00000000000000
828 120.77744196383507 31.59300504000726 2.07357549667358 -0.05120480433106 10 4 0 1 0 2 3.00000000000000
829 120.77743881666035 31.59300876227454 2.10069227218628 -0.05072997510433 10 4 0 1 0 2 3.00000000000000
830 120.77743549624091 31.59301254168563 2.12478542327881 -0.03560068085790 10 4 0 1 0 2 3.00000000000000
831 120.77743237760328 31.59301619887139 2.14116930961609 -0.02630792371929 10 4 0 1 0 2 3.00000000000000
832 120.77742923469435 31.59301990907115 2.15261435508728 -0.01833400875330 10 4 0 1 0 2 3.00000000000000
833 120.77742609886218 31.59302367076723 2.15956830978394 -0.01268131192774 10 4 0 1 0 2 3.00000000000000
834 120.77742282366589 31.59302751829218 2.16347646713257 -0.00277768401429 10 4 0 1 0 2 3.00000000000000
835 120.77741964765060 31.59303125856413 2.16527342796326 -0.00198922608979 10 4 0 1 0 2 3.00000000000000
836 120.77741649822946 31.59303498454828 2.16542649269104 -0.00605934346095 10 4 0 1 0 2 3.00000000000000
837 120.77741332303894 31.59303859185345 2.16380047798157 -0.01671286299825 10 4 0 1 3 1 3.50000000000000
838 120.77741018785773 31.59304232652791 2.16518831253052 0.00164896505885 10 4 0 1 3 1 3.50000000000000
839 120.77740696371690 31.59304613296577 2.16677641868591 -0.00267035444267 10 4 0 1 3 1 3.50000000000000
840 120.77740381832615 31.59304985082825 2.16851449012756 -0.00435575842857 10 4 0 1 3 1 3.50000000000000
841 120.77740070590663 31.59305352683064 2.17009234428406 -0.00314111658372 10 4 0 1 3 1 3.50000000000000
842 120.77739753765808 31.59305723336048 2.17161846160889 -0.00453347852454 10 4 0 1 3 1 3.50000000000000
843 120.77739425097791 31.59306105326078 2.17315745353699 -0.00508922385052 10 4 0 1 3 1 3.50000000000000
844 120.77739097042152 31.59306482437312 2.17476844787598 0.00063262978802 10 4 0 1 3 1 3.50000000000000
845 120.77738775339397 31.59306849209016 2.17647647857666 -0.00489534391090 10 4 0 1 3 1 3.50000000000000
846 120.77738448831121 31.59307227971775 2.17794728279114 -0.00315986806527 10 4 0 1 3 1 3.50000000000000
847 120.77738117889136 31.59307614322375 2.17945337295532 -0.00356310838833 10 4 0 1 3 1 3.50000000000000
848 120.77737797788932 31.59307986347729 2.18076038360596 -0.00265926634893 10 4 0 1 3 1 3.50000000000000
849 120.77737473726069 31.59308352255577 2.18236637115479 -0.00340181984939 10 4 0 1 3 1 3.50000000000000
850 120.77737149830243 31.59308713599427 2.18448233604431 -0.00511872116476 10 4 0 1 3 1 3.50000000000000
851 120.77736827945458 31.59309074477239 2.18624043464661 -0.00266995490529 10 4 0 1 3 1 3.50000000000000
852 120.77736487366131 31.59309459951434 2.18822526931763 -0.00625013560057 10 4 0 1 3 1 3.50000000000000
853 120.77736151278152 31.59309840640695 2.19016528129578 -0.00529974093661 10 4 0 1 3 1 3.50000000000000
854 120.77735822746932 31.59310211864410 2.19181132316589 -0.00356877804734 10 4 0 1 3 1 3.50000000000000
855 120.77735476391203 31.59310601260368 2.19345736503601 -0.00026887629065 10 4 0 1 3 1 3.50000000000000
856 120.77735138587997 31.59310976630637 2.19505333900452 -0.00260407873429 10 4 0 1 3 1 3.50000000000000
857 120.77734815325366 31.59311333432731 2.19647049903870 -0.00499342987314 10 4 0 1 3 1 3.50000000000000
858 120.77734481889129 31.59311701599635 2.19792628288269 -0.00337306247093 10 4 0 1 3 1 3.50000000000000
859 120.77734135751670 31.59312076863048 2.19938230514526 0.00021824722353 10 4 0 1 3 1 3.50000000000000
860 120.77733803974994 31.59312432411619 2.20086932182312 -0.00048059411347 10 4 0 1 3 1 3.50000000000000
861 120.77733468244287 31.59312798644362 2.20221638679504 -0.00162754219491 10 4 0 1 3 1 3.50000000000000
862 120.77733123611540 31.59313172131962 2.20336341857910 -0.00497000664473 10 4 0 1 3 1 3.50000000000000
863 120.77732795724258 31.59313526785903 2.20454549789429 -0.00166060333140 10 4 0 1 3 1 3.50000000000000
864 120.77732462579802 31.59313890329281 2.20573234558105 -0.00203946605325 10 4 0 1 3 1 3.50000000000000
865 120.77732120709905 31.59314258016388 2.20693945884705 0.00126531068236 10 4 0 1 3 1 3.50000000000000
866 120.77731781049893 31.59314623803474 2.20815443992615 -0.00245149107650 10 4 0 1 3 1 3.50000000000000
867 120.77731442604576 31.59314992577985 2.20936727523804 -0.00303769507445 10 4 0 1 3 1 3.50000000000000
868 120.77731126458421 31.59315354840809 2.21067142486572 0.01938912831247 10 4 0 1 3 1 3.50000000000000
869 120.77730817361137 31.59315725204499 2.21091127395630 -0.00085529562784 10 4 0 1 3 1 3.50000000000000
870 120.77730482824545 31.59316096139891 2.21174645423889 -0.00397757487372 10 4 0 1 3 1 3.50000000000000
871 120.77730147102244 31.59316467345738 2.21175837516785 -0.00336493505165 10 4 0 1 3 1 3.50000000000000
872 120.77729805574299 31.59316841929243 2.21178936958313 -0.00029364699731 10 4 0 1 3 1 3.50000000000000
873 120.77729472747366 31.59317204950723 2.21171450614929 -0.00033375428757 10 4 0 1 3 1 3.50000000000000
874 120.77729134493099 31.59317574521545 2.21164631843567 0.00259951944463 10 4 0 1 3 1 3.50000000000000
875 120.77728798682428 31.59317933969482 2.21167135238647 -0.00016971315199 10 4 0 1 3 1 3.50000000000000
876 120.77728454048048 31.59318306477127 2.21141338348389 0.00306759006344 10 4 0 1 3 1 3.50000000000000
877 120.77728103705822 31.59318688625459 2.21118450164795 0.00037443076144 10 4 0 1 3 1 3.50000000000000
878 120.77727746351393 31.59319075332626 2.21100640296936 0.00198297481984 10 4 0 1 3 1 3.50000000000000
879 120.77727410265091 31.59319445099359 2.21064639091492 0.00229357788339 10 4 0 1 3 1 3.50000000000000
880 120.77727081027469 31.59319812825366 2.21031546592712 0.00235631898977 10 4 0 1 3 1 3.50000000000000
881 120.77726755483681 31.59320172923937 2.21001648902893 -0.00025496230228 10 4 0 1 3 1 3.50000000000000
882 120.77726418698845 31.59320544449735 2.20968747138977 0.00177633273415 10 4 0 1 3 1 3.50000000000000
883 120.77726093863764 31.59320903832303 2.20963239669800 -0.00103396910708 10 4 0 1 3 1 3.50000000000000
884 120.77725738919557 31.59321294119805 2.20929241180420 0.00084245880134 10 4 0 1 3 1 3.50000000000000
885 120.77725378266001 31.59321690810369 2.20888137817383 0.00304713030346 10 4 0 1 3 1 3.50000000000000
886 120.77725013129707 31.59322093457111 2.20829033851624 -0.00063714396674 10 4 0 1 3 1 3.50000000000000
887 120.77724669511140 31.59322475528229 2.20780634880066 0.00157766486518 10 4 0 1 3 1 3.50000000000000
888 120.77724343360750 31.59322832308203 2.20742034912109 0.00049430009676 10 4 0 1 3 1 3.50000000000000
889 120.77724014775295 31.59323192374790 2.20703649520874 0.00098422926385 10 4 0 1 3 1 3.50000000000000
890 120.77723663303624 31.59323583099825 2.20677042007446 -0.00054937548703 10 4 0 1 3 1 3.50000000000000
891 120.77723331811879 31.59323949887860 2.20633339881897 0.00265926145948 10 4 0 1 3 1 3.50000000000000
892 120.77723000253381 31.59324319180859 2.20546936988831 0.00154598394874 10 4 0 1 3 1 3.50000000000000
893 120.77722642990369 31.59324716727630 2.20521140098572 0.00064455211395 10 4 0 1 3 1 3.50000000000000
894 120.77722309514311 31.59325087187395 2.20464444160461 0.00005695074287 10 4 0 1 3 1 3.50000000000000
895 120.77721978069357 31.59325457039718 2.20395636558533 0.00211957283318 10 4 0 1 3 1 3.50000000000000
896 120.77721649477681 31.59325825269146 2.20350742340088 0.00043840848957 10 4 0 1 3 1 3.50000000000000
897 120.77721298586424 31.59326216699212 2.20274329185486 0.00248614093289 10 4 0 1 3 1 3.50000000000000
898 120.77720972511302 31.59326579965673 2.20202636718750 0.00113008823246 10 4 0 1 3 1 3.50000000000000
899 120.77720651009595 31.59326942354119 2.20155143737793 -0.00035325135104 10 4 0 1 3 1 3.50000000000000
900 120.77720328810689 31.59327301734175 2.20111036300659 -0.00014254468260 10 4 0 1 3 1 3.50000000000000
901 120.77719985764546 31.59327685349306 2.20054030418396 0.00093475013273 10 4 0 1 3 1 3.50000000000000
902 120.77719622878972 31.59328093039032 2.20033645629883 0.00103700777981 10 4 0 1 3 1 3.50000000000000
903 120.77719261218563 31.59328499281295 2.20003628730774 0.00050346425269 10 4 0 1 3 1 3.50000000000000
904 120.77718924588341 31.59328875257889 2.19984650611877 0.00282832398079 10 4 0 1 3 1 3.50000000000000
905 120.77718568377580 31.59329274321802 2.19988536834717 -0.00155493826605 10 4 0 1 3 1 3.50000000000000
906 120.77718215828868 31.59329669088191 2.19961547851562 0.00075574975926 10 4 0 1 3 1 3.50000000000000
907 120.77717888808917 31.59330031349332 2.19971632957458 -0.00089698430384 10 4 0 1 3 1 3.50000000000000
908 120.77717549560002 31.59330409789122 2.19969630241394 0.00023479270749 10 4 0 1 3 1 3.50000000000000
909 120.77717216374319 31.59330776226348 2.19956946372986 -0.00059249170590 10 4 0 1 3 1 3.50000000000000
910 120.77716868456017 31.59331149458130 2.19961738586426 0.00082248274703 10 4 0 1 3 1 3.50000000000000
911 120.77716519004358 31.59331529682953 2.19943428039551 0.00004564637129 10 4 0 1 3 1 3.50000000000000
912 120.77716190461702 31.59331890196323 2.19980740547180 -0.00299018039368 10 4 0 1 3 1 3.50000000000000
913 120.77715864364841 31.59332246501496 2.19973349571228 -0.00110836862586 10 4 0 1 3 1 3.50000000000000
914 120.77715516892384 31.59332628314853 2.19951033592224 0.00178095733281 10 4 0 1 3 1 3.50000000000000
915 120.77715162223673 31.59333018607693 2.19993329048157 0.00312182796188 10 4 0 1 3 1 3.50000000000000
916 120.77714837765249 31.59333375197865 2.20034146308899 -0.00094714394072 10 4 0 1 3 1 3.50000000000000
917 120.77714515634297 31.59333733511955 2.20068144798279 0.00215588137507 10 4 0 1 3 1 3.50000000000000
918 120.77714192657298 31.59334093887151 2.20129132270813 -0.00537370424718 10 4 0 1 3 1 3.50000000000000
919 120.77713930008919 31.59334488142984 2.20214533805847 -0.00131594005506 10 4 0 1 3 1 3.50000000000000
920 120.77713598953544 31.59334865533938 2.20213627815247 -0.00035950882011 10 4 0 1 3 1 3.50000000000000
921 120.77713275491980 31.59335229198166 2.20255732536316 -0.00062372256070 10 4 0 1 3 1 3.50000000000000
922 120.77712948788594 31.59335595098025 2.20308232307434 0.00275493576191 10 4 0 1 3 1 3.50000000000000
923 120.77712621793552 31.59335959477541 2.20328927040100 0.00210467702709 10 4 0 1 3 1 3.50000000000000
924 120.77712296282311 31.59336322064138 2.20347929000854 -0.00042297027539 10 4 0 1 3 1 3.50000000000000
925 120.77711961813515 31.59336689949814 2.20418238639832 -0.00501768570393 10 4 0 1 3 1 3.50000000000000
926 120.77711632690975 31.59337052858560 2.20438432693481 -0.00677071651444 10 4 0 1 3 1 3.50000000000000
