Id Lon Lat heading curvature mode SpeedMode EventMode OppositeSideMode LaneNum LaneSeq LaneWidth
0 120.77973056333869 31.59375981006624 -0.65907263755798 0.90150314569473 10 5 0 0 1 1 4.59999990463257
1 120.77973484768700 31.59375697835750 -0.66065460443497 0.00223424821161 10 5 0 0 1 1 4.59999990463257
2 120.77973925559516 31.59375419927248 -0.66023659706116 0.00193299690727 10 5 0 0 1 1 4.59999990463257
3 120.77974359376471 31.59375150222556 -0.65989559888840 -0.00643565971404 10 5 0 0 1 1 4.59999990463257
4 120.77974784296575 31.59374882757885 -0.65876859426498 -0.00579903507605 10 5 0 0 1 1 4.59999990463257
5 120.77975213558032 31.59374612449225 -0.65807360410690 -0.00464781792834 10 5 0 0 1 1 4.59999990463257
6 120.77975641328749 31.59374347916276 -0.65726059675217 -0.00261553074233 10 5 0 0 1 1 4.59999990463257
7 120.77976087622737 31.59374074178172 -0.65626662969589 -0.00331454351544 10 5 0 0 1 1 4.59999990463257
8 120.77976529750590 31.59373805415079 -0.65536159276962 -0.00228928425349 10 5 0 0 1 1 4.59999990463257
9 120.77976975022614 31.59373528358093 -0.65483963489532 -0.00262323394418 10 5 0 0 1 1 4.59999990463257
10 120.77977422487341 31.59373248865854 -0.65497261285782 -0.00187027291395 10 5 0 0 1 1 4.59999990463257
11 120.77977871338516 31.59372973527031 -0.65463262796402 0.00192702515051 10 5 0 0 1 1 4.59999990463257
12 120.77978357079978 31.59372667236630 -0.65546560287476 -0.00129472825211 10 5 0 0 1 1 4.59999990463257
13 120.77978786979686 31.59372397276779 -0.65592461824417 0.00019783520838 10 5 0 0 1 1 4.59999990463257
14 120.77979255287914 31.59372105375408 -0.65555161237717 0.00089657487115 10 5 0 0 1 1 4.59999990463257
15 120.77979707913873 31.59371821308259 -0.65681862831116 0.00351996999234 10 5 0 0 1 1 4.59999990463257
16 120.77980193156027 31.59371519396793 -0.65627962350845 -0.00053050532006 10 5 0 0 1 1 4.59999990463257
17 120.77980659334965 31.59371230309075 -0.65630960464478 0.00020456976199 10 5 0 0 1 1 4.59999990463257
18 120.77981128806464 31.59370936678269 -0.65630358457565 0.00317076174542 10 5 0 0 1 1 4.59999990463257
19 120.77981574950076 31.59370657379552 -0.65617460012436 -0.00082575163106 10 5 0 0 1 1 4.59999990463257
20 120.77982049683951 31.59370362000270 -0.65641158819199 0.00279613048770 10 5 0 0 1 1 4.59999990463257
21 120.77982498525574 31.59370081380149 -0.65708160400391 0.00302241789177 10 5 0 0 1 1 4.59999990463257
22 120.77982973533189 31.59369781691797 -0.65874260663986 0.00385736976750 10 5 0 0 1 1 4.59999990463257
23 120.77983448655884 31.59369481124359 -0.66031962633133 0.00332090817392 10 5 0 0 1 1 4.59999990463257
24 120.77983897054345 31.59369194293333 -0.66198760271072 0.00141890870873 10 5 0 0 1 1 4.59999990463257
25 120.77984321080086 31.59368923633112 -0.66338658332825 0.00171986687928 10 5 0 0 1 1 4.59999990463257
26 120.77984745562641 31.59368652340434 -0.66467058658600 0.00211044214666 10 5 0 0 1 1 4.59999990463257
27 120.77985197777485 31.59368362385786 -0.66622161865234 0.00510163046420 10 5 0 0 1 1 4.59999990463257
28 120.77985624051898 31.59368089510740 -0.66725963354111 0.00208618026227 10 5 0 0 1 1 4.59999990463257
29 120.77986051504990 31.59367815359133 -0.66851860284805 0.00053681951249 10 5 0 0 1 1 4.59999990463257
30 120.77986504526459 31.59367522647312 -0.66967964172363 0.00001320085994 10 5 0 0 1 1 4.59999990463257
31 120.77986933315678 31.59367245093853 -0.67101460695267 0.00089975324227 10 5 0 0 1 1 4.59999990463257
32 120.77987362361927 31.59366967239891 -0.67252558469772 0.00235552992672 10 5 0 0 1 1 4.59999990463257
33 120.77987819942184 31.59366671626024 -0.67375659942627 0.00080668745795 10 5 0 0 1 1 4.59999990463257
34 120.77988249312753 31.59366391930107 -0.67499262094498 0.00171311141457 10 5 0 0 1 1 4.59999990463257
35 120.77988706851340 31.59366093506369 -0.67657560110092 0.00369302066974 10 5 0 0 1 1 4.59999990463257
36 120.77989135690517 31.59365812212178 -0.67812860012054 0.00462977308780 10 5 0 0 1 1 4.59999990463257
37 120.77989560792544 31.59365531988705 -0.67953562736511 0.00283742626198 10 5 0 0 1 1 4.59999990463257
38 120.77989982859094 31.59365255252483 -0.68128460645676 0.00307615823112 10 5 0 0 1 1 4.59999990463257
39 120.77990425212157 31.59364963404466 -0.68274360895157 0.00228696526028 10 5 0 0 1 1 4.59999990463257
40 120.77990887234462 31.59364656072339 -0.68435060977936 0.00174031732604 10 5 0 0 1 1 4.59999990463257
41 120.77991344589486 31.59364349827707 -0.68639463186264 0.00384326651692 10 5 0 0 1 1 4.59999990463257
42 120.77991772634300 31.59364062279498 -0.68808859586716 0.00487633142620 10 5 0 0 1 1 4.59999990463257
43 120.77992220303081 31.59363760048680 -0.68995958566666 0.00383972516283 10 5 0 0 1 1 4.59999990463257
44 120.77992662977557 31.59363462028352 -0.69191259145737 0.00449947360903 10 5 0 0 1 1 4.59999990463257
45 120.77993076410026 31.59363182365854 -0.69286561012268 0.00156178930774 10 5 0 0 1 1 4.59999990463257
46 120.77993509469513 31.59362887458082 -0.69402962923050 0.00163981190417 10 5 0 0 1 1 4.59999990463257
47 120.77993939271298 31.59362594848322 -0.69526660442352 0.00476599298418 10 5 0 0 1 1 4.59999990463257
48 120.77994388378509 31.59362289344241 -0.69627863168716 0.00256514362991 10 5 0 0 1 1 4.59999990463257
49 120.77994809004595 31.59362001173735 -0.69697958230972 0.00199786643498 10 5 0 0 1 1 4.59999990463257
50 120.77995248515155 31.59361700391894 -0.69799458980560 0.00163534388412 10 5 0 0 1 1 4.59999990463257
51 120.77995697862048 31.59361393688509 -0.69893461465836 -0.00237653683871 10 5 0 0 1 1 4.59999990463257
52 120.77996129833231 31.59361095691051 -0.70010763406754 0.00155782036018 10 5 0 0 1 1 4.59999990463257
53 120.77996566639331 31.59360795323410 -0.70111858844757 0.00120456132572 10 5 0 0 1 1 4.59999990463257
54 120.77997004389366 31.59360493293099 -0.70187461376190 0.00274374033324 10 5 0 0 1 1 4.59999990463257
55 120.77997421440979 31.59360204774080 -0.70274263620377 0.00091919145780 10 5 0 0 1 1 4.59999990463257
56 120.77997838300954 31.59359916276699 -0.70337361097336 0.00259892176837 10 5 0 0 1 1 4.59999990463257
57 120.77998251616121 31.59359629533082 -0.70412558317184 0.00187425874174 10 5 0 0 1 1 4.59999990463257
58 120.77998689545043 31.59359323405216 -0.70500862598419 0.00163196073845 10 5 0 0 1 1 4.59999990463257
59 120.77999115463051 31.59359028335505 -0.70612758398056 0.00402524555102 10 5 0 0 1 1 4.59999990463257
60 120.77999550486960 31.59358724549621 -0.70697760581970 0.00025748403277 10 5 0 0 1 1 4.59999990463257
61 120.77999974622264 31.59358431875566 -0.70662963390350 -0.00444469461218 10 5 0 0 1 1 4.59999990463257
62 120.78000408009989 31.59358141893228 -0.70310664176941 -0.00820978544652 10 5 0 0 1 1 4.59999990463257
63 120.78000826937637 31.59357863486100 -0.69977760314941 -0.00372215150855 10 5 0 0 1 1 4.59999990463257
64 120.78001247305066 31.59357581577425 -0.69755059480667 -0.00197461224161 10 5 0 0 1 1 4.59999990463257
65 120.78001665845143 31.59357303066771 -0.69534564018250 -0.00414120638743 10 5 0 0 1 1 4.59999990463257
66 120.78001679881355 31.59357291718484 -0.69517660140991 0.61107301712036 10 5 3 0 1 1 4.59999990463257
67 120.78002094429341 31.59357003068993 -0.69395560026169 0.00043928294326 10 5 0 0 1 1 3.29999995231628
68 120.78002513698800 31.59356718839661 -0.69438558816910 0.00011407996499 10 5 0 0 1 1 3.29999995231628
69 120.78002931970676 31.59356434755539 -0.69492661952972 0.00307697826065 10 5 0 0 1 1 3.29999995231628
70 120.78003361438293 31.59356142267763 -0.69584858417511 0.00478466786444 10 5 0 0 1 1 3.29999995231628
71 120.78003795155666 31.59355844236138 -0.69710963964462 0.00806184858084 10 5 0 0 1 1 3.29999995231628
72 120.78004211357769 31.59355558935523 -0.69816863536835 0.00551874563098 10 5 0 0 1 1 3.29999995231628
73 120.78004655588067 31.59355251085557 -0.69964462518692 0.00413599843159 10 5 0 0 1 1 3.29999995231628
74 120.78005077316762 31.59354958176509 -0.70118862390518 0.00073033338413 10 5 0 0 1 1 3.29999995231628
75 120.78005505600187 31.59354660264557 -0.70284360647202 0.00170329294633 10 5 0 0 1 1 3.29999995231628
76 120.78005938275145 31.59354360598318 -0.70438659191132 0.00269675394520 10 5 0 0 1 1 3.29999995231628
77 120.78006366455993 31.59354062805314 -0.70587360858917 0.00526169454679 10 5 0 0 1 1 3.29999995231628
78 120.78006790011905 31.59353768073348 -0.70667260885239 0.00004694213567 10 5 0 0 1 1 3.29999995231628
79 120.78007207712110 31.59353478531018 -0.70717358589172 0.00244055339135 10 5 0 0 1 1 3.29999995231628
80 120.78007653389506 31.59353175179628 -0.70748859643936 0.00155966961756 10 5 0 0 1 1 3.29999995231628
81 120.78008083734956 31.59352881133229 -0.70790559053421 -0.00055793230422 10 5 0 0 1 1 3.29999995231628
82 120.78008499558895 31.59352590854985 -0.70816963911057 -0.00172174500767 10 5 0 0 1 1 3.29999995231628
83 120.78008937346654 31.59352282447668 -0.70857262611389 0.00191735150293 10 5 0 0 1 1 3.29999995231628
84 120.78009357088085 31.59351976949620 -0.70993363857269 0.00240424182266 10 5 0 0 1 1 3.29999995231628
85 120.78009760693874 31.59351685614040 -0.71166563034058 0.00238956231624 10 5 0 0 1 1 3.29999995231628
86 120.78010188984999 31.59351378395670 -0.71331059932709 0.00446911342442 10 5 0 0 1 1 3.29999995231628
87 120.78010598569819 31.59351082175738 -0.71469163894653 0.00476252287626 10 5 0 0 1 1 3.29999995231628
88 120.78011031192716 31.59350768593943 -0.71642863750458 0.00138723955024 10 5 0 0 1 1 3.29999995231628
89 120.78011448731132 31.59350467857453 -0.71801263093948 0.00163830863312 10 5 0 0 1 1 3.29999995231628
90 120.78011888324501 31.59350152965506 -0.71938163042068 0.00447425432503 10 5 0 0 1 1 3.29999995231628
91 120.78012310852895 31.59349853347534 -0.72070360183716 0.00006770424807 10 5 0 0 1 1 3.29999995231628
92 120.78012754680785 31.59349544734714 -0.72139960527420 0.00212990515865 10 5 0 0 1 1 3.29999995231628
93 120.78013179242730 31.59349243061963 -0.72148060798645 0.00150192913134 10 5 0 0 1 1 3.29999995231628
94 120.78013581569816 31.59348947652884 -0.72205460071564 0.00115411030129 10 5 0 0 1 1 3.29999995231628
95 120.78014023006882 31.59348626708936 -0.72236758470535 -0.00156963651534 10 5 0 0 1 1 3.29999995231628
96 120.78014443939965 31.59348322576739 -0.72273963689804 0.00356198311783 10 5 0 0 1 1 3.29999995231628
97 120.78014880590277 31.59348003833057 -0.72314560413361 0.00118575792294 10 5 0 0 1 1 3.29999995231628
98 120.78015294442059 31.59347703139310 -0.72353363037109 -0.00017075634969 10 5 0 0 1 1 3.29999995231628
99 120.78015722484108 31.59347390768296 -0.72397160530090 -0.00061975105200 10 5 0 0 1 1 3.29999995231628
100 120.78016128155336 31.59347100206281 -0.72455263137817 -0.00038239636342 10 5 0 0 1 1 3.29999995231628
101 120.78016550741206 31.59346799899217 -0.72508263587952 -0.00050023017684 10 5 0 0 1 1 3.29999995231628
102 120.78016985879475 31.59346480030943 -0.72530859708786 -0.00224097329192 10 5 0 0 1 1 3.29999995231628
103 120.78017397066240 31.59346183786421 -0.72564363479614 0.00212599989027 10 5 0 0 1 1 3.29999995231628
104 120.78017823160835 31.59345876488365 -0.72550863027573 0.00094119174173 10 5 0 0 1 1 3.29999995231628
105 120.78018262499519 31.59345566138212 -0.72462761402130 -0.00187484512571 10 5 0 0 1 1 3.29999995231628
106 120.78018679218123 31.59345265906058 -0.72416961193085 0.00056149606826 10 5 0 0 1 1 3.29999995231628
107 120.78019109888876 31.59344958070751 -0.72347164154053 -0.00117447087541 10 5 0 0 1 1 3.29999995231628
108 120.78019518374444 31.59344665729722 -0.72279363870621 -0.00434703985229 10 5 0 0 1 1 3.29999995231628
109 120.78019940519428 31.59344365008128 -0.72111761569977 -0.00187897006981 10 5 0 0 1 1 3.29999995231628
110 120.78020376805408 31.59344061233949 -0.71862262487411 -0.00125493470114 10 5 0 0 1 1 3.29999995231628
111 120.78020807496105 31.59343762785327 -0.71604859828949 -0.00414271280169 10 5 0 0 1 1 3.29999995231628
112 120.78021247775564 31.59343455733165 -0.71358060836792 -0.00068155582994 10 5 0 0 1 1 3.29999995231628
113 120.78021663841471 31.59343164389641 -0.71257764101028 0.00232418742962 10 5 0 0 1 1 3.29999995231628
114 120.78022090021952 31.59342862669722 -0.71239960193634 -0.00102075736504 10 5 0 0 1 1 3.29999995231628
115 120.78022521328141 31.59342556235146 -0.71260362863541 0.00272441213019 10 5 0 0 1 1 3.29999995231628
116 120.78022930640702 31.59342268332789 -0.71318858861923 0.00154127401765 10 5 0 0 1 1 3.29999995231628
117 120.78023351539727 31.59341969827634 -0.71394860744476 0.00168897677213 10 5 0 0 1 1 3.29999995231628
118 120.78023763929768 31.59341676503794 -0.71476459503174 -0.00425437046215 10 5 0 0 1 1 3.29999995231628
119 120.78024178744991 31.59341382979488 -0.71533060073853 -0.00427625142038 10 5 0 0 1 1 3.29999995231628
120 120.78024593743027 31.59341096324000 -0.71631360054016 0.00762148760259 10 5 0 0 1 1 3.29999995231628
121 120.78025002093334 31.59340810460453 -0.71783262491226 0.00058522965992 10 5 0 0 1 1 3.29999995231628
122 120.78025408014507 31.59340519508835 -0.71910160779953 0.00459853978828 10 5 0 0 1 1 3.29999995231628
123 120.78025814435603 31.59340225780231 -0.72116059064865 0.00270017073490 10 5 0 0 1 1 3.29999995231628
124 120.78026212616943 31.59339924872073 -0.72225761413574 0.00094809569418 10 5 0 0 1 1 3.29999995231628
125 120.78026616684853 31.59339626641870 -0.72136259078979 -0.00357905728742 10 5 0 0 1 1 3.29999995231628
126 120.78027026513219 31.59339337042857 -0.72025358676910 -0.00117063103244 10 5 0 0 1 1 3.29999995231628
127 120.78027430436407 31.59339044557048 -0.71923863887787 0.00584193784744 10 5 0 0 1 1 3.29999995231628
128 120.78027793932752 31.59338707238226 -0.71857059001923 0.00648437067866 10 5 0 0 1 1 4.50000000000000
129 120.78028200818099 31.59338416922218 -0.71836459636688 -0.00504505215213 10 5 0 0 1 1 4.50000000000000
130 120.78028610768045 31.59338124763018 -0.71797162294388 -0.00219613616355 10 5 0 0 1 1 4.50000000000000
131 120.78029043602058 31.59337819289174 -0.71708160638809 -0.00155861419626 10 5 0 0 1 1 4.50000000000000
132 120.78029464715934 31.59337525044897 -0.71624559164047 0.00039424537681 10 5 0 0 1 1 4.50000000000000
133 120.78029882872477 31.59337233658793 -0.71545261144638 -0.00044932021410 10 5 0 0 1 1 4.50000000000000
134 120.78030321441405 31.59336928614513 -0.71435260772705 -0.00326520507224 10 5 0 0 1 1 4.50000000000000
135 120.78030730081728 31.59336643045971 -0.71339160203934 -0.00494188768789 10 5 0 0 1 1 4.50000000000000
136 120.78031138540125 31.59336357047538 -0.71242058277130 -0.00241616740823 10 5 0 0 1 1 4.50000000000000
137 120.78031587713451 31.59336042233295 -0.71141862869263 -0.00188861542847 10 5 0 0 1 1 4.50000000000000
138 120.78032033447887 31.59335727919623 -0.71030759811401 -0.00093443563674 10 5 0 0 1 1 4.50000000000000
139 120.78032470794744 31.59335420242549 -0.70934462547302 -0.00305772107095 10 5 0 0 1 1 4.50000000000000
140 120.78032894610938 31.59335119827236 -0.70864963531494 -0.00204264908098 10 5 0 0 1 1 4.50000000000000
141 120.78033328601781 31.59334813420550 -0.70745062828064 -0.00147143506911 10 5 0 0 1 1 4.50000000000000
142 120.78033747187781 31.59334522637281 -0.70619159936905 -0.00191417348105 10 5 0 0 1 1 4.50000000000000
143 120.78034197608534 31.59334209614156 -0.70470863580704 -0.00109643919859 10 5 0 0 1 1 4.50000000000000
144 120.78034655360909 31.59333891796876 -0.70305061340332 -0.00288384524174 10 5 0 0 1 1 4.50000000000000
145 120.78035091691049 31.59333589048115 -0.70172059535980 -0.00161360774655 10 5 0 0 1 1 4.50000000000000
146 120.78035509384965 31.59333303474760 -0.70050662755966 -0.00459203030914 10 5 0 0 1 1 4.50000000000000
147 120.78035932200957 31.59333015305277 -0.69932758808136 -0.00257911509834 10 5 0 0 1 1 4.50000000000000
148 120.78036385897839 31.59332704361046 -0.69818961620331 -0.00099402584601 10 5 0 0 1 1 4.50000000000000
149 120.78036815828804 31.59332409282842 -0.69795763492584 0.00005469351527 10 5 0 0 1 1 4.50000000000000
150 120.78037244239745 31.59332114454169 -0.69798660278320 0.00000913429267 10 5 0 0 1 1 4.50000000000000
151 120.78037695387518 31.59331801227689 -0.69866859912872 0.00172315968666 10 5 0 0 1 1 4.50000000000000
152 120.78038116591792 31.59331504888831 -0.70067161321640 0.00329485675320 10 5 0 0 1 1 4.50000000000000
153 120.78038560169848 31.59331194143437 -0.70249658823013 0.00291363405995 10 5 0 0 1 1 4.50000000000000
154 120.78038972718876 31.59330900681892 -0.70442062616348 0.00318455253728 10 5 0 0 1 1 4.50000000000000
155 120.78039380986804 31.59330607985471 -0.70631462335587 0.00341021129861 10 5 0 0 1 1 4.50000000000000
156 120.78039837349434 31.59330284702279 -0.70778262615204 0.00275493436493 10 5 0 0 1 1 4.50000000000000
157 120.78040263472751 31.59329980130275 -0.70932161808014 0.00332436291501 10 5 0 0 1 1 4.50000000000000
158 120.78040711510620 31.59329663996786 -0.71072262525558 0.00169598648790 10 5 0 0 1 1 4.50000000000000
159 120.78041155722703 31.59329351763920 -0.71148359775543 0.00288943992928 10 5 0 0 1 1 4.50000000000000
160 120.78041570400585 31.59329059129518 -0.71150058507919 -0.00083069904940 10 5 0 0 1 1 4.50000000000000
161 120.78042005168372 31.59328753075941 -0.71217662096024 0.00075498875231 10 5 0 0 1 1 4.50000000000000
162 120.78042436420081 31.59328448521765 -0.71202659606934 0.00090255361283 10 5 0 0 1 1 4.50000000000000
163 120.78042879166249 31.59328135471641 -0.71246963739395 0.00036813595216 10 5 0 0 1 1 4.50000000000000
164 120.78043286727315 31.59327848331110 -0.71271759271622 0.00018668573466 10 5 0 0 1 1 4.50000000000000
165 120.78043726038585 31.59327538859329 -0.71262460947037 0.00260752020404 10 5 0 0 1 1 4.50000000000000
166 120.78044171801545 31.59327224346459 -0.71314358711243 -0.00119802146219 10 5 0 0 1 1 4.50000000000000
167 120.78044579076325 31.59326935923712 -0.71316862106323 0.00268509052694 10 5 0 0 1 1 4.50000000000000
168 120.78045002828782 31.59326638008091 -0.71321260929108 -0.00042879238026 10 5 0 0 1 1 4.50000000000000
169 120.78045442559095 31.59326332333318 -0.71354061365128 -0.00340611487627 10 5 0 0 1 1 4.50000000000000
170 120.78045865953663 31.59326036286986 -0.71384161710739 -0.00240198662505 10 5 0 0 1 1 4.50000000000000
171 120.78046270975072 31.59325747211005 -0.71367961168289 0.00128609663807 10 5 0 0 1 1 4.50000000000000
172 120.78046694543798 31.59325444985991 -0.71374261379242 -0.00039388239384 10 5 0 0 1 1 4.50000000000000
173 120.78047101665517 31.59325155169180 -0.71493458747864 0.01156818028539 10 5 0 0 1 1 4.50000000000000
174 120.78047523566968 31.59324873741934 -0.71675163507462 0.00117096432950 10 5 0 1 1 1 4.50000000000000
175 120.78047926668290 31.59324579915611 -0.71864962577820 -0.00324714952148 10 5 0 1 1 1 4.50000000000000
176 120.78048339609198 31.59324280834501 -0.72008264064789 0.00733421277255 10 5 0 1 1 1 4.50000000000000
177 120.78048749073837 31.59323986294429 -0.72141361236572 0.00361982360482 10 5 0 1 1 1 4.50000000000000
178 120.78049152813738 31.59323694630336 -0.72287762165070 0.00387626024894 10 5 0 1 1 1 4.50000000000000
179 120.78049567201430 31.59323390474604 -0.72459363937378 0.00354547752067 10 5 0 1 1 1 4.50000000000000
180 120.78049970153783 31.59323089787520 -0.72633963823318 0.00074226368451 10 5 0 1 1 1 4.50000000000000
181 120.78050388059701 31.59322782957912 -0.72761362791061 0.00008570035425 10 5 0 1 1 1 4.50000000000000
182 120.78050814136098 31.59322469565956 -0.72853761911392 0.00091591873206 10 5 0 1 1 1 4.50000000000000
183 120.78051246140568 31.59322151041566 -0.72932660579681 0.00015266487026 10 5 0 1 1 1 4.50000000000000
184 120.78051662228501 31.59321845601985 -0.72995162010193 -0.00011413075117 10 5 0 1 1 1 4.50000000000000
185 120.78052072962485 31.59321543019344 -0.73077762126923 0.00195736275055 10 5 0 1 1 1 4.50000000000000
186 120.78052476933394 31.59321245900465 -0.73133659362793 0.00209839292802 10 5 0 1 1 1 4.50000000000000
187 120.78052909666063 31.59320928108584 -0.73191159963608 -0.00205690623261 10 5 0 1 1 1 4.50000000000000
188 120.78053312341574 31.59320631446266 -0.73257464170456 0.00208410643972 10 5 0 1 1 1 4.50000000000000
189 120.78053745896644 31.59320315592991 -0.73301559686661 0.00179160537664 10 5 0 1 1 1 4.50000000000000
190 120.78054167610325 31.59320008909132 -0.73310863971710 -0.00051654019626 10 5 0 1 1 1 4.50000000000000
191 120.78054575544694 31.59319712295291 -0.73310863971710 -0.00088897091337 10 5 0 1 1 1 4.50000000000000
192 120.78055012852427 31.59319392565626 -0.73328959941864 0.00004552980681 10 5 0 1 1 1 4.50000000000000
193 120.78055457836003 31.59319067306424 -0.73291063308716 -0.00219860300422 10 5 0 1 1 1 4.50000000000000
194 120.78055887762000 31.59318753080577 -0.73257863521576 -0.00238373270258 10 5 0 1 1 1 4.50000000000000
195 120.78056301128602 31.59318451338048 -0.73263263702393 -0.00225496385247 10 5 0 1 1 1 4.50000000000000
196 120.78056742911203 31.59318129045070 -0.73226863145828 -0.00193747121375 10 5 0 1 1 1 4.50000000000000
197 120.78057167813631 31.59317817972987 -0.73214858770370 -0.00012686962145 10 5 0 1 1 1 4.50000000000000
198 120.78057622508531 31.59317485089930 -0.73210161924362 -0.00071704358561 10 5 0 1 1 1 4.50000000000000
199 120.78058060216172 31.59317165905919 -0.73175662755966 -0.00200879410841 10 5 0 1 1 1 4.50000000000000
200 120.78058503714348 31.59316841975424 -0.73242861032486 0.00007561757957 10 5 0 1 1 1 4.50000000000000
201 120.78058928216038 31.59316531716541 -0.73295760154724 0.00190995330922 10 5 0 1 1 1 4.50000000000000
202 120.78059331913028 31.59316233443105 -0.73407262563705 0.00081814918667 10 5 0 1 1 1 4.50000000000000
203 120.78059763986656 31.59315911050872 -0.73522758483887 0.00318778352812 10 5 0 1 1 1 4.50000000000000
204 120.78060174938975 31.59315603816268 -0.73636960983276 0.00338746886700 10 5 0 1 1 1 4.50000000000000
205 120.78060588860117 31.59315292978435 -0.73763960599899 0.00377133861184 10 5 0 1 1 1 4.50000000000000
206 120.78061032478810 31.59314959928702 -0.73870164155960 0.00373652065173 10 5 0 1 1 1 4.50000000000000
207 120.78061452428449 31.59314642364605 -0.73977363109589 -0.00057139300043 10 5 0 1 1 1 4.50000000000000
208 120.78061902560962 31.59314303289748 -0.74043262004852 -0.00118730321992 10 5 0 1 1 1 4.50000000000000
209 120.78062330462529 31.59313983922702 -0.74016159772873 -0.00059894565493 10 5 0 1 1 1 4.50000000000000
210 120.78062760933483 31.59313662101645 -0.74026560783386 -0.00180014770012 10 5 0 1 1 1 4.50000000000000
211 120.78063168251296 31.59313360581593 -0.74024564027786 -0.00155850476585 10 5 0 1 1 1 4.50000000000000
212 120.78063605507847 31.59313038387707 -0.73969960212708 -0.00173482205719 10 5 0 1 1 1 4.50000000000000
213 120.78064044332095 31.59312714399709 -0.73929160833359 -0.00102276855614 10 5 0 1 1 1 4.50000000000000
214 120.78064456133032 31.59312407658811 -0.73913258314133 -0.00000283669010 10 5 0 1 1 1 4.50000000000000
215 120.78064897565298 31.59312078068220 -0.73843860626221 0.00084153865464 10 5 0 1 1 1 4.50000000000000
216 120.78065339105892 31.59311745127397 -0.73822563886642 0.00045742667862 10 5 0 1 1 1 4.50000000000000
217 120.78065753825395 31.59311428261750 -0.73816561698914 -0.00085335638141 10 5 0 1 1 1 4.50000000000000
218 120.78066198757652 31.59311093488368 -0.73762661218643 0.00065870117396 10 5 0 1 1 1 4.50000000000000
219 120.78066644497873 31.59310755912022 -0.73779463768005 -0.00035303342156 10 5 0 1 1 1 4.50000000000000
220 120.78067065614381 31.59310440701624 -0.73770064115524 -0.00214797956869 10 5 0 1 1 1 4.50000000000000
221 120.78067516489013 31.59310105797116 -0.73736858367920 0.00046361394925 10 5 0 1 1 1 4.50000000000000
222 120.78067967746262 31.59309770821906 -0.73751062154770 0.00168473960366 10 5 0 1 1 1 4.50000000000000
223 120.78068393239555 31.59309461016778 -0.73769962787628 -0.00054871675093 10 5 0 1 1 1 4.50000000000000
224 120.78068849181597 31.59309129018730 -0.73783761262894 0.00212004478090 10 5 0 1 1 1 4.50000000000000
225 120.78069248100313 31.59308834579396 -0.73808360099792 0.00074863608461 10 5 0 1 1 1 4.50000000000000
226 120.78069676557224 31.59308515289102 -0.73849660158157 0.00180421641562 10 5 0 1 1 1 4.50000000000000
227 120.78070076936946 31.59308215339729 -0.73853063583374 -0.00046114076395 10 5 0 1 1 1 4.50000000000000
228 120.78070478613618 31.59307915794393 -0.73870360851288 0.00114877475426 10 5 0 1 1 1 4.50000000000000
229 120.78070910063489 31.59307594790386 -0.73898959159851 0.00104970962275 10 5 0 1 1 1 4.50000000000000
230 120.78071314511777 31.59307294469640 -0.73881459236145 0.00069909071317 10 5 0 1 1 1 4.50000000000000
231 120.78071719054704 31.59306992743967 -0.73880761861801 -0.00112259422895 10 5 0 1 1 1 4.50000000000000
232 120.78072152571823 31.59306668836198 -0.73909860849380 0.00008014462219 10 5 0 1 1 1 4.50000000000000
233 120.78072559063946 31.59306367238880 -0.73898363113403 -0.00057134852977 10 5 0 1 1 1 4.50000000000000
234 120.78072965369356 31.59306064441685 -0.73886263370514 0.00041116596549 10 5 0 1 1 1 4.50000000000000
235 120.78073402124272 31.59305739463326 -0.73883259296417 0.00020411828882 10 5 0 1 1 1 4.50000000000000
236 120.78073810849041 31.59305436675303 -0.73844760656357 -0.00032506734715 10 5 0 1 1 1 4.50000000000000
237 120.78074219907748 31.59305132255716 -0.73829561471939 0.00040262038237 10 5 0 1 1 1 4.50000000000000
238 120.78074631129913 31.59304827110020 -0.73813962936401 -0.00184260599781 10 5 0 1 1 1 4.50000000000000
239 120.78075072483075 31.59304501085016 -0.73796659708023 -0.00016771980154 10 5 0 1 1 1 4.50000000000000
240 120.78075485464026 31.59304194345124 -0.73764163255692 -0.00027863759897 10 5 0 1 1 1 4.50000000000000
241 120.78075928457335 31.59303865757222 -0.73757660388947 -0.00113486533519 10 5 0 1 1 1 4.50000000000000
242 120.78076343900007 31.59303558513343 -0.73742061853409 -0.00066209066426 10 5 0 1 1 1 4.50000000000000
243 120.78076759568599 31.59303250490884 -0.73712861537933 -0.00014121594722 10 5 0 1 1 1 4.50000000000000
244 120.78077176043642 31.59302941994548 -0.73703759908676 -0.00090224330779 10 5 0 1 1 1 4.50000000000000
245 120.78077622871723 31.59302610197311 -0.73685461282730 0.00095659121871 10 5 0 1 1 1 4.50000000000000
246 120.78078040837450 31.59302299347638 -0.73675060272217 0.00171982147731 10 5 0 1 1 1 4.50000000000000
247 120.78078460415723 31.59301989202068 -0.73660963773727 0.00046635439503 10 5 0 1 1 1 4.50000000000000
248 120.78078910964211 31.59301658721717 -0.73644459247589 -0.00138328375760 10 5 0 1 1 1 4.50000000000000
249 120.78079331398251 31.59301347702160 -0.73634660243988 -0.00101505313069 10 5 0 1 1 1 4.50000000000000
250 120.78079751007766 31.59301032535931 -0.73620659112930 0.00006127166125 10 5 0 1 1 1 4.50000000000000
251 120.78080200974929 31.59300694366585 -0.73625463247299 -0.00138122588396 10 5 0 1 1 1 4.50000000000000
252 120.78080621894453 31.59300381871760 -0.73602062463760 -0.00037808486377 10 5 0 1 1 1 4.50000000000000
253 120.78081042914688 31.59300067454915 -0.73592561483383 0.00040143003571 10 5 0 1 1 1 4.50000000000000
254 120.78081495734097 31.59299731591685 -0.73582261800766 -0.00198026280850 10 5 0 1 1 1 4.50000000000000
255 120.78081920165086 31.59299417340969 -0.73552262783051 0.00002811959530 10 5 0 1 1 1 4.50000000000000
256 120.78082373906140 31.59299078539556 -0.73547363281250 0.00174351513851 10 5 0 1 1 1 4.50000000000000
257 120.78082800195050 31.59298766322846 -0.73520261049271 -0.00107115251012 10 5 0 1 1 1 4.50000000000000
258 120.78083227686965 31.59298453332194 -0.73531162738800 -0.00021931387892 10 5 0 1 1 1 4.50000000000000
259 120.78083685393123 31.59298115003811 -0.73497861623764 0.00032818363979 10 5 0 1 1 1 4.50000000000000
260 120.78084112044490 31.59297797871160 -0.73488461971283 -0.00188308535144 10 5 0 1 1 1 4.50000000000000
261 120.78084539767136 31.59297481566587 -0.73485463857651 0.00126794120297 10 5 0 1 1 1 4.50000000000000
262 120.78084999351974 31.59297143551812 -0.73463761806488 -0.00151480420027 10 5 0 1 1 1 4.50000000000000
263 120.78085428132081 31.59296826662815 -0.73465663194656 -0.00041082943790 10 5 0 1 1 1 4.50000000000000
264 120.78085857184635 31.59296510861671 -0.73463159799576 -0.00062726245960 10 5 0 1 1 1 4.50000000000000
265 120.78086286585659 31.59296194150033 -0.73489862680435 -0.00013292141375 10 5 0 1 1 1 4.50000000000000
266 120.78086746337050 31.59295854091872 -0.73546361923218 -0.00123551895376 10 5 0 1 1 1 4.50000000000000
267 120.78087175960395 31.59295536768319 -0.73593664169312 0.00133666233160 10 5 0 1 1 1 4.50000000000000
268 120.78087606117199 31.59295217888391 -0.73647862672806 0.00124443566892 10 5 0 1 1 1 4.50000000000000
269 120.78088005127023 31.59294921416874 -0.73683458566666 0.00026971535408 10 5 0 1 1 1 4.50000000000000
270 120.78088436682530 31.59294601605237 -0.73730260133743 0.00000065347592 10 5 0 1 1 1 4.50000000000000
271 120.78088867865738 31.59294281443411 -0.73806059360504 0.00144167512190 10 5 0 1 1 1 4.50000000000000
272 120.78089269354773 31.59293983399042 -0.73832863569260 0.00001598898598 10 5 0 1 1 1 4.50000000000000
273 120.78089700790294 31.59293661587041 -0.73901259899139 0.00268610846251 10 5 0 1 1 1 4.50000000000000
274 120.78090132043458 31.59293338663933 -0.73973858356476 -0.00002974663039 10 5 0 1 1 1 4.50000000000000
275 120.78090532260455 31.59293038571918 -0.74047261476517 0.00248871999793 10 5 0 1 1 1 4.50000000000000
276 120.78090964744995 31.59292715209011 -0.74159860610962 0.00293411035091 10 5 0 1 1 1 4.50000000000000
277 120.78091396163762 31.59292390854755 -0.74274563789368 0.00232807081193 10 5 0 1 1 1 4.50000000000000
278 120.78091796847198 31.59292088856583 -0.74348461627960 0.00067638698965 10 5 0 1 1 1 4.50000000000000
279 120.78092229449715 31.59291762955385 -0.74414062500000 0.00097061134875 10 5 0 1 1 1 4.50000000000000
280 120.78092662991602 31.59291436591000 -0.74477058649063 0.00165563996416 10 5 0 1 1 1 4.50000000000000
281 120.78093065633972 31.59291134053708 -0.74505561590195 -0.00071372656384 10 5 0 1 1 1 4.50000000000000
282 120.78093501068538 31.59290808885206 -0.74471062421799 -0.00079532829113 10 5 0 1 1 1 4.50000000000000
283 120.78093936772433 31.59290482701520 -0.74434059858322 -0.00052028906066 10 5 0 1 1 1 4.50000000000000
284 120.78094342996106 31.59290181612967 -0.74387460947037 -0.00214871554635 10 5 0 1 1 1 4.50000000000000
285 120.78094781533460 31.59289856567774 -0.74283361434937 -0.00018885912141 10 5 0 1 1 1 4.50000000000000
286 120.78095221240507 31.59289532343166 -0.74263858795166 0.00047867343528 10 5 0 1 1 1 4.50000000000000
287 120.78095630421990 31.59289231214820 -0.74199461936951 -0.00187177758198 10 5 0 1 1 1 4.50000000000000
288 120.78096072049948 31.59288904774130 -0.74128258228302 -0.00224610068835 10 5 0 1 1 1 4.50000000000000
289 120.78096512592998 31.59288576573993 -0.74090063571930 0.00022051933047 10 5 0 1 1 1 4.50000000000000
290 120.78096954798777 31.59288249953455 -0.74039560556412 -0.00166907242965 10 5 0 1 1 1 4.50000000000000
291 120.78097365885080 31.59287946516111 -0.73969560861588 0.00004491402433 10 5 0 1 1 1 4.50000000000000
292 120.78097810566774 31.59287619398185 -0.73944962024689 -0.00001280847118 10 5 0 1 1 1 4.50000000000000
293 120.78098255946070 31.59287292228361 -0.73882859945297 -0.00166445400100 10 5 0 1 1 1 4.50000000000000
294 120.78098670274542 31.59286987403890 -0.73812961578369 -0.00138001644518 10 5 0 1 1 1 4.50000000000000
295 120.78099116493306 31.59286656762077 -0.73761463165283 -0.00256567634642 10 5 0 1 1 1 4.50000000000000
296 120.78099531182109 31.59286350581525 -0.73723763227463 -0.00259518134408 10 5 0 1 1 1 4.50000000000000
297 120.78099978147074 31.59286022101102 -0.73637062311172 -0.00027211004635 10 5 0 1 1 1 4.50000000000000
298 120.78100424238272 31.59285693068355 -0.73605358600616 -0.00041326700011 10 5 0 1 1 1 4.50000000000000
299 120.78100869382604 31.59285365329861 -0.73576360940933 0.00063070410397 10 5 0 1 1 1 4.50000000000000
300 120.78101281093275 31.59285061516402 -0.73573362827301 0.00006211570872 10 5 0 1 1 1 4.50000000000000
301 120.78101721942788 31.59284735247635 -0.73602062463760 -0.00026202070876 10 5 0 1 1 1 4.50000000000000
302 120.78102160979869 31.59284410782134 -0.73644161224365 0.00060998304980 10 5 0 1 1 1 4.50000000000000
303 120.78102565585453 31.59284110928756 -0.73671561479568 0.00126522220671 10 5 0 1 1 1 4.50000000000000
304 120.78102998592803 31.59283789394732 -0.73767060041428 0.00330429803580 10 5 0 1 1 1 4.50000000000000
305 120.78103427921857 31.59283468469319 -0.73901259899139 0.00348542397842 10 5 0 1 1 1 4.50000000000000
306 120.78103852975926 31.59283148637814 -0.74034363031387 0.00276692560874 10 5 0 1 1 1 4.50000000000000
307 120.78104303968296 31.59282806700429 -0.74226564168930 0.00229130568914 10 5 0 1 1 1 4.50000000000000
308 120.78104722829974 31.59282489607571 -0.74372059106827 0.00243180873804 10 5 0 1 1 1 4.50000000000000
309 120.78105139523100 31.59282174083178 -0.74463963508606 0.00178927683737 10 5 0 1 1 1 4.50000000000000
310 120.78105583924611 31.59281838526192 -0.74578160047531 0.00064293551259 10 5 0 1 1 1 4.50000000000000
311 120.78105995908503 31.59281526843806 -0.74640262126923 0.00134634203278 10 5 0 1 1 1 4.50000000000000
312 120.78106405704364 31.59281218654905 -0.74596560001373 -0.00074087933172 10 5 0 1 1 1 4.50000000000000
313 120.78106842327968 31.59280891963605 -0.74588459730148 0.00093940051738 10 5 0 1 1 1 4.50000000000000
314 120.78107247457893 31.59280590304624 -0.74579060077667 0.00224031927064 10 5 0 1 1 1 4.50000000000000
315 120.78107649879703 31.59280291087287 -0.74474859237671 -0.00210178084671 10 5 0 1 1 1 4.50000000000000
316 120.78108077247205 31.59279972449422 -0.74412560462952 -0.00056624092394 10 5 0 1 1 1 4.50000000000000
317 120.78108529550737 31.59279634058606 -0.74369359016418 -0.00163591455203 10 5 0 1 1 1 4.50000000000000
318 120.78108950579470 31.59279319690922 -0.74281358718872 -0.00119110243395 10 5 0 1 1 1 4.50000000000000
319 120.78109396421681 31.59278986855696 -0.74208158254623 -0.00123327074107 10 5 0 1 1 1 4.50000000000000
320 120.78109839196033 31.59278657162477 -0.74161159992218 -0.00169412849937 10 5 0 1 1 1 4.50000000000000
321 120.78110251315935 31.59278351708859 -0.74060863256454 -0.00161157909315 10 5 0 1 1 1 4.50000000000000
322 120.78110687805204 31.59278031282922 -0.74004060029984 0.00084585382137 10 5 0 1 1 1 4.50000000000000
323 120.78111121532233 31.59277715590578 -0.73942363262177 0.00048610355589 10 5 0 1 1 1 4.50000000000000
324 120.78111551238437 31.59277402482437 -0.73883163928986 -0.00127825059462 10 5 0 1 1 1 4.50000000000000
325 120.78112003287627 31.59277072343082 -0.73822861909866 -0.00035629718332 10 5 0 1 1 1 4.50000000000000
326 120.78112423102790 31.59276760833766 -0.73769259452820 -0.00172939174809 10 5 0 1 1 1 4.50000000000000
327 120.78112865556322 31.59276430486802 -0.73697561025620 -0.00028184003895 10 5 0 1 1 1 4.50000000000000
328 120.78113277834994 31.59276124204505 -0.73639959096909 0.00018233558512 10 5 0 1 1 1 4.50000000000000
329 120.78113687095214 31.59275822332670 -0.73599660396576 -0.00236864318140 10 5 0 1 1 1 4.50000000000000
330 120.78114115584732 31.59275505026926 -0.73545861244202 -0.00008575784886 10 5 0 1 1 1 4.50000000000000
331 120.78114557518940 31.59275176643541 -0.73537063598633 -0.00028399986331 10 5 0 1 1 1 4.50000000000000
332 120.78114964878807 31.59274874389908 -0.73531758785248 -0.00187918276060 10 5 0 1 1 1 4.50000000000000
333 120.78115384759209 31.59274564301940 -0.73530459403992 -0.00013142066018 10 5 0 1 1 1 4.50000000000000
334 120.78115793062562 31.59274261341489 -0.73515963554382 -0.00023757676536 10 5 0 1 1 1 4.50000000000000
335 120.78116211123726 31.59273951153348 -0.73522859811783 -0.00008675162098 10 5 0 1 1 1 4.50000000000000
336 120.78116637937285 31.59273634582259 -0.73525261878967 0.00061236385955 10 5 0 1 1 1 4.50000000000000
337 120.78117071851999 31.59273312906184 -0.73509460687637 -0.00113961205352 10 5 0 1 1 1 4.50000000000000
338 120.78117470513369 31.59273014300284 -0.73536759614944 0.00092670641607 10 5 0 1 1 1 4.50000000000000
339 120.78117875287421 31.59272713839681 -0.73553162813187 0.00119070522487 10 5 0 1 1 1 4.50000000000000
340 120.78118281853196 31.59272411212647 -0.73579359054565 0.00014937231026 10 5 0 1 1 1 4.50000000000000
341 120.78118692053472 31.59272109423804 -0.73622661828995 -0.00124803557992 10 5 0 1 1 1 4.50000000000000
342 120.78119103564542 31.59271809306457 -0.73636960983276 0.00232123420574 10 5 0 1 1 1 4.50000000000000
343 120.78119507017686 31.59271513071506 -0.73676258325577 -0.00258593983017 10 5 0 1 1 1 4.50000000000000
344 120.78119931446645 31.59271203597147 -0.73715859651566 -0.00078719423618 10 5 0 1 1 1 4.50000000000000
345 120.78120340286740 31.59270907975152 -0.73733162879944 0.00149001716636 10 5 0 1 1 1 4.50000000000000
346 120.78120758700929 31.59270604946348 -0.73770964145660 -0.00387219828553 10 5 0 1 1 1 4.50000000000000
347 120.78121172320890 31.59270303135848 -0.73795461654663 0.00376328267157 10 5 0 1 1 1 4.50000000000000
348 120.78121584030197 31.59270001994942 -0.73828959465027 0.00219838065095 10 5 0 1 1 1 4.50000000000000
349 120.78121986674391 31.59269706425323 -0.73845463991165 -0.00631334120408 10 5 0 1 1 1 4.50000000000000
350 120.78122375804564 31.59269401197832 -0.73778563737869 0.00845698174089 3 5 0 0 1 1 4.50000000000000
351 120.78122786860983 31.59269097983784 -0.73744058609009 0.00063498248346 3 5 0 0 1 1 4.50000000000000
352 120.78123189080296 31.59268806082403 -0.73695558309555 -0.00397955067456 3 5 0 0 1 1 4.50000000000000
353 120.78123610715335 31.59268503830793 -0.73636358976364 0.00170250132214 3 5 0 0 1 1 4.50000000000000
354 120.78124027935429 31.59268203313218 -0.73574858903885 -0.00353489769623 3 5 0 0 1 1 4.50000000000000
355 120.78124442797251 31.59267905009184 -0.73525559902191 -0.00127585453447 3 5 0 0 1 1 4.50000000000000
356 120.78124854118273 31.59267604895575 -0.73495161533356 -0.00140390789602 3 5 0 0 1 1 4.50000000000000
357 120.78125268807270 31.59267299965211 -0.73448061943054 0.00111840234604 3 5 0 0 1 1 4.50000000000000
358 120.78125682617760 31.59266995349258 -0.73414659500122 -0.00303748645820 3 5 0 0 1 1 4.50000000000000
359 120.78126094580320 31.59266693992826 -0.73367363214493 -0.00174088426866 3 5 0 0 1 1 4.50000000000000
360 120.78126503263859 31.59266397760935 -0.73298460245132 0.00153279385995 3 5 0 0 1 1 4.50000000000000
361 120.78126938120195 31.59266080506394 -0.73222261667252 -0.00233631883748 3 5 0 0 1 1 4.50000000000000
362 120.78127362645429 31.59265770476681 -0.73175764083862 -0.00287123350427 3 5 0 0 1 1 4.50000000000000
363 120.78127777549486 31.59265471277654 -0.73092263936996 -0.00065050192643 3 5 0 0 1 1 4.50000000000000
364 120.78128218984577 31.59265153852031 -0.73062062263489 -0.00100714294240 3 5 0 0 1 1 4.50000000000000
365 120.78128646229008 31.59264845231548 -0.73030859231949 0.00101700960658 3 5 0 0 1 1 4.50000000000000
366 120.78129058819137 31.59264546286717 -0.72983163595200 0.00102395878639 3 5 0 0 1 1 4.50000000000000
367 120.78129517754178 31.59264215527732 -0.72957563400269 -0.00208577606827 3 5 0 0 1 1 4.50000000000000
368 120.78129923043278 31.59263925173353 -0.72908061742783 -0.00243047787808 3 5 0 0 1 1 4.50000000000000
369 120.78130331364211 31.59263625509523 -0.72887158393860 -0.00117442070041 3 5 0 0 1 1 4.50000000000000
370 120.78130765723337 31.59263310199527 -0.72846060991287 0.00226538185962 3 5 0 0 1 1 4.50000000000000
371 120.78131183877626 31.59263006560817 -0.72772061824799 -0.00181361974683 3 5 0 0 1 1 4.50000000000000
372 120.78131625874295 31.59262685884735 -0.72753858566284 -0.00138751626946 3 5 0 0 1 1 4.50000000000000
373 120.78132046689703 31.59262380549127 -0.72725462913513 0.00066674931441 3 5 0 0 1 1 4.50000000000000
374 120.78132488314679 31.59262057329173 -0.72694462537766 -0.00102317903657 3 5 0 0 1 1 4.50000000000000
375 120.78132909140135 31.59261750110851 -0.72711259126663 -0.00076289189747 3 5 0 0 1 1 4.50000000000000
376 120.78133309995312 31.59261457305691 -0.72728061676025 -0.00130279117730 3 5 0 0 1 1 4.50000000000000
377 120.78133732759008 31.59261146515944 -0.72760659456253 0.00074567663250 3 5 0 0 1 1 4.50000000000000
378 120.78134155278698 31.59260834990675 -0.72827762365341 0.00292413495481 3 5 0 0 1 1 4.50000000000000
379 120.78134559000085 31.59260538775505 -0.72925961017609 0.00225560716353 3 5 0 0 1 1 4.50000000000000
380 120.78134983702530 31.59260229440795 -0.73040461540222 0.00175538926851 3 5 0 0 1 1 4.50000000000000
381 120.78135385625357 31.59259933246613 -0.73175460100174 0.00251501449384 3 5 0 0 1 1 4.50000000000000
382 120.78135807063283 31.59259620283144 -0.73317760229111 0.00387719250284 3 5 0 0 1 1 4.50000000000000
383 120.78136249603126 31.59259288474228 -0.73479759693146 0.00416747387499 3 5 0 0 1 1 4.50000000000000
384 120.78136670794272 31.59258973521963 -0.73666858673096 0.00244014430791 3 5 0 0 1 1 4.50000000000000
385 120.78137070304332 31.59258674477407 -0.73856061697006 0.00560527713969 3 5 0 0 1 1 4.50000000000000
386 120.78137489508933 31.59258359001443 -0.74007862806320 0.00397369824350 3 5 0 0 1 1 4.50000000000000
387 120.78137906818631 31.59258044043653 -0.74206662178040 0.00400476390496 3 5 0 0 1 1 4.50000000000000
388 120.78138303559392 31.59257742802882 -0.74388259649277 0.00365041289479 3 5 0 0 1 1 4.50000000000000
389 120.78138721969221 31.59257426004174 -0.74542158842087 0.00321247265674 3 5 0 0 1 1 4.50000000000000
390 120.78139119504655 31.59257123193690 -0.74645662307739 -0.00005093395521 3 5 0 0 1 1 4.50000000000000
391 120.78139539097863 31.59256805004436 -0.74747061729431 0.00214889761992 3 5 0 0 1 1 4.50000000000000
392 120.78139956808107 31.59256486660710 -0.74810159206390 0.00061564444331 3 5 0 0 1 1 4.50000000000000
393 120.78140352863626 31.59256187437293 -0.74866759777069 0.00097215524875 3 5 0 0 1 1 4.50000000000000
394 120.78140765957841 31.59255873048948 -0.74923658370972 0.00216878904030 3 5 0 0 1 1 4.50000000000000
395 120.78141195463621 31.59255547042197 -0.74986660480499 -0.00139745068736 3 5 0 0 1 1 4.50000000000000
396 120.78141599698814 31.59255238860047 -0.75035959482193 0.00141156208701 3 5 0 0 1 1 4.50000000000000
397 120.78142018025457 31.59254920031121 -0.75087261199951 0.00058601074852 3 5 0 0 1 1 4.50000000000000
398 120.78142447787663 31.59254590844690 -0.75162059068680 0.00117374304682 3 5 0 0 1 1 4.50000000000000
399 120.78142851259588 31.59254280398513 -0.75220263004303 -0.00114587321877 3 5 0 0 1 1 4.50000000000000
400 120.78143269370874 31.59253963030881 -0.75284963846207 0.00078911235323 3 5 0 0 1 1 4.50000000000000
401 120.78143700389471 31.59253638541542 -0.75355160236359 0.00013689430489 3 5 0 0 1 1 4.50000000000000
402 120.78144103993800 31.59253329558905 -0.75398558378220 -0.00062261236599 3 5 0 0 1 1 4.50000000000000
403 120.78144516925710 31.59253009370502 -0.75464862585068 -0.00030521061854 3 5 0 0 1 1 4.50000000000000
404 120.78144939370254 31.59252682700246 -0.75544261932373 0.00120022159535 3 5 0 0 1 1 4.50000000000000
405 120.78145336528419 31.59252375673912 -0.75588661432266 -0.00156793475617 3 5 0 0 1 1 4.50000000000000
406 120.78145743067057 31.59252061419657 -0.75637459754944 -0.00053104211111 3 5 0 0 1 1 4.50000000000000
407 120.78146158434930 31.59251743839768 -0.75715458393097 0.00147950055543 3 5 0 0 1 1 4.50000000000000
408 120.78146564453543 31.59251433695924 -0.75699561834335 0.00195400929078 3 5 0 0 1 1 4.50000000000000
409 120.78146977318636 31.59251118858351 -0.75642263889313 -0.00410830881447 3 5 0 0 1 1 4.50000000000000
410 120.78147395900382 31.59250801789845 -0.75589162111282 -0.00114804389887 3 5 0 0 1 1 4.50000000000000
411 120.78147811085934 31.59250488456140 -0.75490963459015 0.00051666074432 3 5 0 0 1 1 4.50000000000000
412 120.78148208740352 31.59250189255209 -0.75399762392044 -0.00285716750659 3 5 0 0 1 1 4.50000000000000
413 120.78148615586814 31.59249884566187 -0.75326263904572 -0.00142494274769 3 5 0 0 1 1 4.50000000000000
414 120.78149020083052 31.59249581893367 -0.75244659185410 -0.00288105197251 3 5 0 0 1 1 4.50000000000000
415 120.78149419584545 31.59249281775621 -0.75140959024429 -0.00744134234264 3 5 0 0 1 1 4.50000000000000
416 120.78149590129532 31.59249161868756 -0.75227659940720 0.34056499600410 3 5 3 0 1 1 4.50000000000000
417 120.78149987688690 31.59248862018028 -0.75039058923721 0.00086594960885 10 5 0 0 0 1 4.50000000000000
418 120.78150398988031 31.59248558505213 -0.74782758951187 -0.00556004745886 10 5 0 0 0 1 4.50000000000000
419 120.78150810072958 31.59248254326907 -0.74530959129333 -0.00648148544133 10 5 0 0 0 1 4.50000000000000
420 120.78151233938895 31.59247940801731 -0.74307560920715 -0.00191352458205 10 5 0 0 0 1 4.50000000000000
421 120.78151666374124 31.59247630616709 -0.74048662185669 -0.00536097586155 10 5 0 0 0 1 4.50000000000000
422 120.78152087822400 31.59247322840785 -0.73781460523605 -0.00413582008332 10 5 0 0 0 1 4.50000000000000
423 120.78152519637260 31.59247006801295 -0.73561763763428 -0.00455755880103 10 5 0 0 0 1 4.50000000000000
424 120.78152942916905 31.59246695565217 -0.73392760753632 -0.00468305265531 10 5 0 0 0 1 4.50000000000000
425 120.78153372551778 31.59246381671907 -0.73224562406540 -0.00143872003537 10 5 0 0 0 1 4.50000000000000
426 120.78153805061716 31.59246069746347 -0.73099362850189 0.00041393694119 10 5 0 0 0 1 4.50000000000000
427 120.78154236058340 31.59245755541367 -0.73093760013580 -0.00129494233988 10 5 0 0 0 1 4.50000000000000
428 120.78154663508755 31.59245444053204 -0.73057460784912 0.00157267099712 10 5 0 0 0 1 4.50000000000000
429 120.78155084958462 31.59245140702724 -0.73005658388138 -0.00093119428493 10 5 0 0 0 1 4.50000000000000
430 120.78155516501883 31.59244829414137 -0.73002463579178 -0.00067715445766 10 5 0 0 0 1 4.50000000000000
431 120.78155934362233 31.59244526715962 -0.73022758960724 0.00034075105214 10 5 0 0 0 1 4.50000000000000
432 120.78156377830481 31.59244202518976 -0.73101562261581 0.00262401485816 10 5 0 0 0 1 4.50000000000000
433 120.78156798659003 31.59243895362011 -0.73273360729218 0.00604290515184 10 5 0 0 0 1 4.50000000000000
434 120.78157241208601 31.59243568456950 -0.73486560583115 0.00335611100309 10 5 0 0 0 1 4.50000000000000
435 120.78157657671896 31.59243255712402 -0.73785561323166 0.00716670136899 10 5 0 0 0 1 4.50000000000000
436 120.78158089867048 31.59242926825836 -0.74234861135483 0.01075235661119 10 5 0 0 0 1 4.50000000000000
437 120.78158493698940 31.59242611874225 -0.74678361415863 0.00748287281021 10 5 0 0 0 1 4.50000000000000
438 120.78158913439006 31.59242282307051 -0.75130563974380 0.00824935827404 10 5 0 0 0 1 4.50000000000000
439 120.78159308417483 31.59241971979168 -0.75564360618591 0.00704828044400 10 5 0 0 0 1 4.50000000000000
440 120.78159717585243 31.59241649542981 -0.76049858331680 0.00975868105888 10 5 0 0 0 1 4.50000000000000
441 120.78160136986250 31.59241312953433 -0.76530361175537 0.01014310400933 10 5 0 0 0 1 4.50000000000000
442 120.78160526657817 31.59240998853236 -0.77046561241150 0.01276156120002 10 5 0 0 0 1 4.50000000000000
443 120.78160924207846 31.59240671443051 -0.77646559476852 0.01068775728345 10 5 0 0 0 1 4.50000000000000
444 120.78161336520687 31.59240327628603 -0.78251260519028 0.00987850595266 10 5 0 0 0 1 4.50000000000000
445 120.78161743944341 31.59239980974385 -0.78844559192657 0.01225766725838 10 5 0 0 0 1 4.50000000000000
446 120.78162131060758 31.59239651040820 -0.79424363374710 0.01249471493065 10 5 0 0 0 1 4.50000000000000
447 120.78162532061290 31.59239303020840 -0.80080258846283 0.01305420231074 10 5 0 0 0 1 4.50000000000000
448 120.78162907780325 31.59238966851511 -0.80786162614822 0.01236695609987 10 5 0 0 0 1 4.50000000000000
449 120.78163298074172 31.59238615252861 -0.81461560726166 0.01412749290466 10 5 0 0 0 1 4.50000000000000
450 120.78163665367651 31.59238277261250 -0.82206863164902 0.01743849366903 10 5 0 0 0 1 4.50000000000000
451 120.78164041214075 31.59237919972293 -0.83100259304047 0.01562744565308 10 5 0 0 0 1 4.50000000000000
452 120.78164393559098 31.59237576973180 -0.83957558870316 0.01738827116787 10 5 0 0 0 1 4.50000000000000
453 120.78164754134606 31.59237217176145 -0.84982758760452 0.02341573126614 10 5 0 0 0 1 4.50000000000000
454 120.78165120662510 31.59236839568584 -0.86156058311462 0.01996112242341 10 5 0 0 0 1 4.50000000000000
455 120.78165478486906 31.59236463956477 -0.87322658300400 0.02373944967985 10 5 0 0 0 1 4.50000000000000
456 120.78165807022549 31.59236104344266 -0.88583964109421 0.03031955100596 10 5 0 0 0 1 4.50000000000000
457 120.78166166346152 31.59235695248170 -0.90095961093903 0.02708399295807 10 5 0 0 0 1 4.50000000000000
458 120.78166500858367 31.59235303411584 -0.91586458683014 0.02836642786860 10 5 0 0 0 1 4.50000000000000
459 120.78166823673600 31.59234912067224 -0.93055158853531 0.02894116751850 10 5 0 0 0 1 4.50000000000000
460 120.78167124364488 31.59234535730653 -0.94447362422943 0.02844907157123 10 5 0 0 0 1 4.50000000000000
461 120.78167428355019 31.59234139546196 -0.95970958471298 0.03100452944636 10 5 0 0 0 1 4.50000000000000
462 120.78167712906946 31.59233756182120 -0.97592461109161 0.03055533766747 10 5 0 0 0 1 4.50000000000000
463 120.78167997617354 31.59233350349184 -0.99360358715057 0.03379339724779 10 5 0 0 0 1 4.50000000000000
464 120.78168264625374 31.59232960641034 -1.00844061374664 0.02452036738396 10 5 0 0 0 1 4.50000000000000
465 120.78168544464523 31.59232556560017 -1.02092361450195 0.02540999650955 10 5 0 0 0 1 4.50000000000000
466 120.78168827269573 31.59232131689240 -1.03376555442810 0.02258988097310 10 5 0 0 0 1 4.50000000000000
467 120.78169104291901 31.59231704219364 -1.04591858386993 0.02339425683022 10 5 0 0 0 1 4.50000000000000
468 120.78169360108252 31.59231291120030 -1.05816864967346 0.02707423642278 10 5 0 0 0 1 4.50000000000000
469 120.78169612904927 31.59230859161300 -1.07538557052612 0.03343985602260 10 5 0 0 0 1 4.50000000000000
470 120.78169836071058 31.59230439572917 -1.09400665760040 0.04039682820439 10 5 0 0 0 1 4.50000000000000
471 120.78170052841848 31.59230001328945 -1.11749064922333 0.04390399903059 10 5 0 0 0 1 4.50000000000000
472 120.78170247119691 31.59229563425347 -1.14231860637665 0.04891749098897 10 5 0 0 0 1 4.50000000000000
473 120.78170428979952 31.59229120148928 -1.16693758964539 0.04747398942709 10 5 0 0 0 1 4.50000000000000
474 120.78170598850079 31.59228674372464 -1.18903255462646 0.04111136868596 10 5 0 0 0 1 4.50000000000000
475 120.78170766282072 31.59228234683262 -1.21085655689240 0.03727698326111 10 5 0 0 0 1 4.50000000000000
476 120.78170917182766 31.59227799190844 -1.23350763320923 0.04924707114697 10 5 0 0 0 1 4.50000000000000
477 120.78171064412402 31.59227362632116 -1.25361156463623 0.03692253306508 10 5 0 0 0 1 4.50000000000000
478 120.78171127033704 31.59227196088499 -1.26186656951904 -0.35875648260117 10 5 3 0 0 1 4.50000000000000
