Id Lon Lat heading curvature mode SpeedMode EventMode OppositeSideMode LaneNum LaneSeq LaneWidth
0 120.77183207978112 31.59335628666463 -1.04124164581299 0.04910937696695 10 2 0 0 2 1 5.00000000000000
1 120.77183484238195 31.59335228100663 -1.04635262489319 0.02117341011763 10 2 0 0 2 1 5.00000000000000
2 120.77183744198523 31.59334814340542 -1.05523264408112 0.02208990231156 10 2 0 0 2 1 5.00000000000000
3 120.77183997019179 31.59334408727446 -1.06438958644867 0.01596889644861 10 2 0 0 2 1 5.00000000000000
4 120.77184250296384 31.59334001472233 -1.07404756546021 0.00959257408977 10 2 0 0 2 1 5.00000000000000
5 120.77184513105219 31.59333555107926 -1.08300459384918 0.01484311092645 10 2 0 0 2 1 5.00000000000000
6 120.77184758523225 31.59333134069362 -1.08953559398651 0.00707982899621 10 2 0 0 2 1 5.00000000000000
7 120.77184995063648 31.59332729047066 -1.09372663497925 0.00574881583452 10 2 0 0 2 1 5.00000000000000
8 120.77185237259104 31.59332311253484 -1.09674358367920 0.00498906057328 10 2 0 0 2 1 5.00000000000000
9 120.77185486070682 31.59331892335449 -1.09881663322449 0.00007475452730 10 2 0 0 2 1 5.00000000000000
10 120.77185733203009 31.59331477006178 -1.09993159770966 0.00125906581525 10 2 0 0 2 1 5.00000000000000
11 120.77185975738000 31.59331066951207 -1.10167658329010 0.00280672917143 10 2 0 0 2 1 5.00000000000000
12 120.77186240230050 31.59330621772835 -1.10220766067505 0.00009360237891 10 2 0 0 2 1 5.00000000000000
13 120.77186489898605 31.59330183424970 -1.10322558879852 -0.00037581578363 10 2 0 0 2 1 5.00000000000000
14 120.77186736380834 31.59329765158169 -1.10410165786743 -0.00101863720920 10 2 0 0 2 1 5.00000000000000
15 120.77186988298661 31.59329340377049 -1.10375165939331 0.00076514011016 10 2 0 0 2 1 5.00000000000000
16 120.77187226729203 31.59328928814238 -1.10395359992981 -0.00337511929683 10 2 0 0 2 1 5.00000000000000
17 120.77187487315301 31.59328488788795 -1.10365557670593 0.00004481100768 10 2 0 0 2 1 5.00000000000000
18 120.77187738737273 31.59328067397772 -1.10358059406281 0.00096481654327 10 2 0 0 2 1 5.00000000000000
19 120.77188005048205 31.59327614285722 -1.10420358181000 0.00102806393988 10 2 0 0 2 1 5.00000000000000
20 120.77188247280901 31.59327205031772 -1.10497665405273 0.00032873789314 10 2 0 0 2 1 5.00000000000000
21 120.77188508383125 31.59326761484940 -1.10591757297516 0.00046131919953 10 2 0 0 2 1 5.00000000000000
22 120.77188756903507 31.59326338974850 -1.10670757293701 0.00078907673014 10 2 0 0 2 1 5.00000000000000
23 120.77189026911493 31.59325881094483 -1.10757458209991 0.00229885475710 10 2 0 0 2 1 5.00000000000000
24 120.77189278266515 31.59325437601913 -1.10877358913422 0.00038368228707 10 2 0 0 2 1 5.00000000000000
25 120.77189536360571 31.59324988438676 -1.10976266860962 -0.00162692670710 10 2 0 0 2 1 5.00000000000000
26 120.77189785125441 31.59324565005190 -1.11068665981293 0.00339360372163 10 2 0 0 2 1 5.00000000000000
27 120.77190054217108 31.59324109566560 -1.11050665378571 -0.00204302673228 10 2 0 0 2 1 5.00000000000000
28 120.77190323828877 31.59323648676224 -1.11019563674927 -0.00029883708339 10 2 0 0 2 1 5.00000000000000
29 120.77190577939308 31.59323203740306 -1.11142563819885 0.00224726111628 10 2 0 0 2 1 5.00000000000000
30 120.77190821410663 31.59322782317467 -1.11242055892944 -0.00091303722002 10 2 0 0 2 1 5.00000000000000
31 120.77191083619179 31.59322324119187 -1.11327159404755 0.00216726399958 10 2 0 0 2 1 5.00000000000000
32 120.77191331950394 31.59321890841330 -1.11418867111206 0.00158983084839 10 2 0 0 2 1 5.00000000000000
33 120.77191580464019 31.59321451834826 -1.11541855335236 0.00328002474271 10 2 0 0 2 1 5.00000000000000
34 120.77191853184108 31.59320977642595 -1.11570060253143 0.00204656645656 10 2 0 0 2 1 5.00000000000000
35 120.77192112542936 31.59320529395228 -1.11649262905121 -0.00010921122885 10 2 0 0 2 1 5.00000000000000
36 120.77192376449571 31.59320077162196 -1.11613357067108 -0.00320303137414 10 2 0 0 2 1 5.00000000000000
37 120.77192642985713 31.59319619337328 -1.11553764343262 -0.00011544448353 10 2 0 0 2 1 5.00000000000000
38 120.77192896683442 31.59319189547928 -1.11514961719513 -0.00231775431894 10 2 0 0 2 1 5.00000000000000
39 120.77193171283176 31.59318718841318 -1.11523461341858 -0.00200954428874 10 2 0 0 2 1 5.00000000000000
40 120.77193410363445 31.59318312936812 -1.11447656154633 -0.00207112659700 10 2 0 0 2 1 5.00000000000000
41 120.77193672345655 31.59317869032528 -1.11387860774994 0.00028975613532 10 2 0 0 2 1 5.00000000000000
42 120.77193915515637 31.59317454096356 -1.11419665813446 -0.00064978690352 10 2 0 0 2 1 5.00000000000000
43 120.77194162236547 31.59317035798924 -1.11354863643646 -0.00005273092393 10 2 0 0 2 1 5.00000000000000
44 120.77194435594416 31.59316579801708 -1.11304366588593 -0.00105939095374 10 2 0 0 2 1 5.00000000000000
45 120.77194692964504 31.59316158083841 -1.11283159255981 -0.00135623873211 10 2 0 0 2 1 5.00000000000000
46 120.77194951277485 31.59315731576033 -1.11221766471863 -0.00255679106340 10 2 0 0 2 1 5.00000000000000
47 120.77195213680291 31.59315302612629 -1.11151361465454 0.00132054847199 10 2 0 0 2 1 5.00000000000000
48 120.77195501708364 31.59314835893482 -1.11142563819885 -0.00133451179136 10 2 0 0 2 1 5.00000000000000
49 120.77195770739969 31.59314401041626 -1.11031758785248 -0.00335995783098 10 2 0 0 2 1 5.00000000000000
50 120.77196041909285 31.59313963119693 -1.10958266258240 -0.00193159887567 10 2 0 0 2 1 5.00000000000000
51 120.77196337199126 31.59313484984404 -1.10894465446472 -0.00236722547561 10 2 0 0 2 1 5.00000000000000
52 120.77196611387230 31.59313041600873 -1.10837757587433 -0.00173112389166 10 2 0 0 2 1 5.00000000000000
53 120.77196887176675 31.59312593894060 -1.10793566703796 -0.00085532857338 10 2 0 0 2 1 5.00000000000000
54 120.77197162908358 31.59312143974349 -1.10760855674744 -0.00036456403905 10 2 0 0 2 1 5.00000000000000
55 120.77197415175803 31.59311726886054 -1.10714662075043 -0.00123428250663 10 2 0 0 2 1 5.00000000000000
56 120.77197692660729 31.59311270459759 -1.10688555240631 -0.00143897160888 10 2 0 0 2 1 5.00000000000000
57 120.77197969758764 31.59310809406002 -1.10587155818939 -0.00231273192912 10 2 0 0 2 1 5.00000000000000
58 120.77198247907447 31.59310345820556 -1.10477459430695 -0.00299427402206 10 2 0 0 2 1 5.00000000000000
59 120.77198504946456 31.59309920949510 -1.10392463207245 -0.00188617419917 10 2 0 0 2 1 5.00000000000000
60 120.77198784842555 31.59309454053757 -1.10289859771729 -0.00227928883396 10 2 0 0 2 1 5.00000000000000
61 120.77199071474431 31.59308991135486 -1.10184264183044 -0.00209637777880 10 2 0 0 2 1 5.00000000000000
62 120.77199381864340 31.59308489266641 -1.10132455825806 -0.00069629808422 10 2 0 0 2 1 5.00000000000000
63 120.77199668781951 31.59308024035455 -1.10075366497040 -0.00136857503094 10 2 0 0 2 1 5.00000000000000
64 120.77199956214200 31.59307557872821 -1.10004258155823 -0.00094706105301 10 2 0 0 2 1 5.00000000000000
65 120.77200243523603 31.59307090114182 -1.10005462169647 0.00063686136855 10 2 0 0 2 1 5.00000000000000
66 120.77200507935827 31.59306660651384 -1.09919464588165 -0.00169140228536 10 2 0 0 2 1 5.00000000000000
67 120.77200796297831 31.59306190689778 -1.09880661964417 0.00010283564916 10 2 0 0 2 1 5.00000000000000
68 120.77201083245825 31.59305717933812 -1.09917962551117 -0.00016865986981 10 2 0 0 2 1 5.00000000000000
69 120.77201371103563 31.59305245565519 -1.09917366504669 -0.00139958632644 10 2 0 0 2 1 5.00000000000000
70 120.77201634146051 31.59304811807341 -1.09986460208893 0.00198201788589 10 2 0 0 2 1 5.00000000000000
71 120.77201919226557 31.59304339375267 -1.10131967067719 0.00051900948165 10 2 0 0 2 1 5.00000000000000
72 120.77202201434426 31.59303866963696 -1.10216355323792 0.00032343951170 10 2 0 0 2 1 5.00000000000000
73 120.77202458319388 31.59303435145434 -1.10311257839203 0.00238338019699 10 2 0 0 2 1 5.00000000000000
74 120.77202737573279 31.59302968007488 -1.10361659526825 0.00037134511513 10 2 0 0 2 1 5.00000000000000
75 120.77203016790502 31.59302501078944 -1.10437262058258 0.00117517728359 10 2 0 0 2 1 5.00000000000000
76 120.77203293665900 31.59302035465770 -1.10505163669586 0.00087574205827 10 2 0 0 2 1 5.00000000000000
77 120.77203546513573 31.59301611575544 -1.10482358932495 0.00027612777194 10 2 0 0 2 1 5.00000000000000
78 120.77203819969888 31.59301150512964 -1.10523462295532 0.00027517971466 10 2 0 0 2 1 5.00000000000000
79 120.77204093045664 31.59300692062086 -1.10560262203217 -0.00148565857671 10 2 0 0 2 1 5.00000000000000
80 120.77204386088428 31.59300195033742 -1.10604858398438 0.00066369405249 10 2 0 0 2 1 5.00000000000000
81 120.77204655563828 31.59299739056420 -1.10655057430267 0.00118616840336 10 2 0 0 2 1 5.00000000000000
82 120.77204922421146 31.59299288289650 -1.10658359527588 -0.00099177542143 10 2 0 0 2 1 5.00000000000000
83 120.77205185823669 31.59298843384409 -1.10638356208801 -0.00027579141897 10 2 0 0 2 1 5.00000000000000
84 120.77205426924135 31.59298440550805 -1.10649263858795 0.00114206678700 10 2 0 0 2 1 5.00000000000000
85 120.77205688960603 31.59298000175448 -1.10623359680176 -0.00122924277093 10 2 0 0 2 1 5.00000000000000
86 120.77205949478569 31.59297561659234 -1.10606360435486 -0.00089708087035 10 2 0 0 2 1 5.00000000000000
87 120.77206209792854 31.59297126728217 -1.10577964782715 -0.00022740395798 10 2 0 0 2 1 5.00000000000000
88 120.77206492920263 31.59296658740737 -1.10549366474152 0.00015068196808 10 2 0 0 2 1 5.00000000000000
89 120.77206755787019 31.59296230308214 -1.10473859310150 -0.00398281589150 10 2 0 0 2 1 5.00000000000000
90 120.77207017746481 31.59295803981732 -1.10359966754913 0.00016401501489 10 2 0 0 2 1 5.00000000000000
91 120.77207299687657 31.59295344125425 -1.10308957099915 -0.00156181503553 10 2 0 0 2 1 5.00000000000000
92 120.77207559034132 31.59294920358996 -1.10205864906311 -0.00384963513352 10 2 0 0 2 1 5.00000000000000
93 120.77207816473350 31.59294496327059 -1.10019266605377 -0.00599799724296 10 2 0 0 2 1 5.00000000000000
94 120.77208096508815 31.59294040032436 -1.09751856327057 -0.00628098193556 10 2 0 0 2 1 5.00000000000000
95 120.77208354069199 31.59293621003950 -1.09458255767822 -0.00818636361510 10 2 0 0 2 1 5.00000000000000
96 120.77208615014325 31.59293206311012 -1.09024965763092 -0.00858410168439 10 2 0 0 2 1 5.00000000000000
97 120.77208876275604 31.59292791368742 -1.08553266525269 -0.01038116868585 10 2 0 0 2 1 5.00000000000000
98 120.77209164432840 31.59292347016839 -1.07944262027740 -0.01259391196072 10 2 0 0 2 1 5.00000000000000
99 120.77209434195179 31.59291943629526 -1.07288956642151 -0.01405451726168 10 2 0 0 2 1 5.00000000000000
100 120.77209706492985 31.59291546394493 -1.06499159336090 -0.02018909715116 10 2 0 0 2 1 5.00000000000000
101 120.77210002800176 31.59291123362213 -1.05386960506439 -0.02071041613817 10 2 0 0 2 1 5.00000000000000
102 120.77210325720114 31.59290679719409 -1.04200363159180 -0.02343717962503 10 2 0 0 2 1 5.00000000000000
103 120.77210658259109 31.59290251005840 -1.02862262725830 -0.02455494366586 10 2 0 0 2 1 5.00000000000000
104 120.77211014813383 31.59289797898168 -1.01422858238220 -0.02580873481929 10 2 0 0 2 1 5.00000000000000
105 120.77211348902857 31.59289382927956 -0.99980860948563 -0.02673660963774 10 2 0 0 2 1 5.00000000000000
106 120.77211689189987 31.59288980645320 -0.98489463329315 -0.02919754944742 10 2 0 0 2 1 5.00000000000000
107 120.77212064143937 31.59288565331963 -0.96805661916733 -0.03167035430670 10 2 0 0 2 1 5.00000000000000
108 120.77212416004234 31.59288187268909 -0.95234060287476 -0.03184897080064 10 2 0 0 2 1 5.00000000000000
109 120.77212769674071 31.59287817679998 -0.93700963258743 -0.02915594540536 10 2 0 0 2 1 5.00000000000000
110 120.77213150109996 31.59287433114110 -0.92082262039185 -0.02957286313176 10 2 0 0 2 1 5.00000000000000
111 120.77213507019704 31.59287083483333 -0.90599364042282 -0.02621593698859 10 2 0 0 2 1 5.00000000000000
112 120.77213869734402 31.59286746013035 -0.89205563068390 -0.02832689881325 10 2 0 0 2 1 5.00000000000000
113 120.77214240877377 31.59286419563438 -0.87797063589096 -0.03069751523435 10 2 0 0 2 1 5.00000000000000
114 120.77214638565218 31.59286071642163 -0.86328959465027 -0.02727326937020 10 2 0 0 2 1 5.00000000000000
115 120.77215063646210 31.59285708727729 -0.84767961502075 -0.03047234192491 10 2 0 0 2 1 5.00000000000000
116 120.77215464861571 31.59285376123046 -0.83256560564041 -0.02709273435175 10 2 0 0 2 1 5.00000000000000
117 120.77215901376373 31.59285035671070 -0.81796562671661 -0.02691807784140 10 2 0 0 2 1 5.00000000000000
118 120.77216336402411 31.59284702400186 -0.80420762300491 -0.02379078604281 10 2 0 0 2 1 5.00000000000000
119 120.77216737627754 31.59284390844797 -0.79288363456726 -0.02211626060307 10 2 0 0 2 1 5.00000000000000
120 120.77217164057990 31.59284063028221 -0.78135263919830 -0.01950611546636 10 2 0 0 2 1 5.00000000000000
121 120.77217590961793 31.59283740446999 -0.77280360460281 -0.01418475806713 10 2 0 0 2 1 5.00000000000000
122 120.77217985843320 31.59283439739058 -0.76734560728073 -0.01075996458530 10 2 0 0 2 1 5.00000000000000
123 120.77218402113455 31.59283122380519 -0.76282858848572 -0.00858443789184 10 2 0 0 2 1 5.00000000000000
124 120.77218843940973 31.59282790708917 -0.75856459140778 -0.00614709360525 10 2 0 0 2 1 5.00000000000000
125 120.77219255637975 31.59282482866218 -0.75484961271286 -0.00844553858042 10 2 0 0 2 1 5.00000000000000
126 120.77219665385041 31.59282180843278 -0.75170558691025 -0.00707207946107 10 2 0 0 2 1 5.00000000000000
127 120.77220098228590 31.59281862882340 -0.74983662366867 -0.00160730013158 10 2 0 0 2 1 5.00000000000000
128 120.77220502914598 31.59281564184453 -0.74930763244629 -0.00061234028544 10 2 0 0 2 1 5.00000000000000
129 120.77220929088850 31.59281246552213 -0.74956762790680 0.00277003785595 10 2 0 0 2 1 5.00000000000000
130 120.77221325444832 31.59280944735396 -0.75191062688828 0.00635643722489 10 2 0 0 2 1 5.00000000000000
131 120.77221719620509 31.59280639657180 -0.75681960582733 0.01236375421286 10 2 0 0 2 1 5.00000000000000
132 120.77222127962683 31.59280310302179 -0.76499563455582 0.01974214054644 10 2 0 0 2 1 5.00000000000000
133 120.77222506656318 31.59279989216386 -0.77672260999680 0.02604335546494 10 2 0 0 2 1 5.00000000000000
134 120.77222872825310 31.59279657024789 -0.79040259122849 0.02922530099750 10 2 0 0 2 1 5.00000000000000
135 120.77223255322743 31.59279295900801 -0.80533963441849 0.03001395054162 10 2 0 0 2 1 5.00000000000000
136 120.77223608966368 31.59278952164289 -0.82176762819290 0.03302196040750 10 2 0 0 2 1 5.00000000000000
137 120.77223971799789 31.59278575648917 -0.84017562866211 0.03658572211862 10 2 0 0 2 1 5.00000000000000
138 120.77224303531675 31.59278218608370 -0.85815364122391 0.03691170364618 10 2 0 0 2 1 5.00000000000000
139 120.77224631653192 31.59277851198433 -0.87727761268616 0.03957354649901 10 2 0 0 2 1 5.00000000000000
140 120.77224969248714 31.59277454988232 -0.89794760942459 0.03743085637689 10 2 0 0 2 1 5.00000000000000
141 120.77225278620169 31.59277081702974 -0.91758561134338 0.03948573768139 10 2 0 0 2 1 5.00000000000000
142 120.77225601011997 31.59276677868661 -0.93832659721375 0.03750729188323 10 2 0 0 2 1 5.00000000000000
143 120.77225896120635 31.59276286188592 -0.95794463157654 0.03693435713649 10 2 0 0 2 1 5.00000000000000
144 120.77226185174696 31.59275891020609 -0.97585159540176 0.03194776549935 10 2 0 0 2 1 5.00000000000000
145 120.77226489392565 31.59275465351874 -0.99294161796570 0.02836966328323 10 2 0 0 2 1 5.00000000000000
146 120.77226763690945 31.59275059582877 -1.00635361671448 0.02298040874302 10 2 0 0 2 1 5.00000000000000
147 120.77227039269427 31.59274647907810 -1.01635956764221 0.01292340643704 10 2 0 0 2 1 5.00000000000000
148 120.77227341273314 31.59274209164826 -1.02355563640594 0.01473519764841 10 2 0 0 2 1 5.00000000000000
149 120.77227628046232 31.59273790171447 -1.03152155876160 0.01304677501321 10 2 0 0 2 1 5.00000000000000
150 120.77227896825389 31.59273391067659 -1.03876459598541 0.01345755811781 10 2 0 0 2 1 5.00000000000000
151 120.77228182730852 31.59272953831642 -1.04585158824921 0.01537561416626 10 2 0 0 2 1 5.00000000000000
152 120.77228423206228 31.59272549092720 -1.05332863330841 0.01419327221811 10 2 0 0 2 1 5.00000000000000
153 120.77228684721133 31.59272114890454 -1.06088161468506 0.01475723087788 10 2 0 0 2 1 5.00000000000000
154 120.77228929314386 31.59271705348931 -1.06803560256958 0.01395731884986 10 2 0 0 2 1 5.00000000000000
155 120.77229178909813 31.59271284200831 -1.07607662677765 0.01551079098135 10 2 0 0 2 1 5.00000000000000
156 120.77229416277954 31.59270878311684 -1.08283865451813 0.01315871346742 10 2 0 0 2 1 5.00000000000000
157 120.77229671381335 31.59270446682589 -1.09023559093475 0.01263744011521 10 2 0 0 2 1 5.00000000000000
158 120.77229926229140 31.59270010406130 -1.09649860858917 0.01092334650457 10 2 0 0 2 1 5.00000000000000
159 120.77230194387819 31.59269542765229 -1.10237562656403 0.00986326951534 10 2 0 0 2 1 5.00000000000000
160 120.77230431639344 31.59269095361217 -1.10798263549805 0.00942628271878 10 2 0 0 2 1 5.00000000000000
161 120.77230656227781 31.59268682391039 -1.11271262168884 0.01032115984708 10 2 0 0 2 1 5.00000000000000
162 120.77230898234609 31.59268235597094 -1.11757159233093 0.00766068464145 10 2 0 0 2 1 5.00000000000000
163 120.77231148070567 31.59267794568368 -1.12159657478333 0.00651285564527 10 2 0 0 2 1 5.00000000000000
164 120.77231381042070 31.59267381588200 -1.12395262718201 0.00407606409863 10 2 0 0 2 1 5.00000000000000
165 120.77231634273308 31.59266940279987 -1.12564265727997 0.00450103450567 10 2 0 0 2 1 5.00000000000000
166 120.77231901077830 31.59266510328257 -1.12653660774231 0.00230385875329 10 2 0 0 2 1 5.00000000000000
167 120.77232152236176 31.59266108625355 -1.12722861766815 0.00165596185252 10 2 0 0 2 1 5.00000000000000
168 120.77232436312653 31.59265676773146 -1.12739360332489 -0.00077082484495 10 2 0 0 2 1 5.00000000000000
169 120.77232715239541 31.59265239983420 -1.12793564796448 0.00151254958473 10 2 0 0 2 1 5.00000000000000
170 120.77232976778440 31.59264832249483 -1.12836456298828 -0.00022767038899 10 2 0 0 2 1 5.00000000000000
171 120.77233258871505 31.59264391863836 -1.12859761714935 -0.00042472948553 10 2 0 0 2 1 5.00000000000000
172 120.77233525060817 31.59263939150842 -1.12838757038116 -0.00274773081765 10 2 0 0 2 1 5.00000000000000
173 120.77233789624620 31.59263482050294 -1.12800264358521 -0.00046465880587 10 2 0 0 2 1 5.00000000000000
174 120.77234037311305 31.59263059741428 -1.12763965129852 -0.00002144222162 10 2 0 0 2 1 5.00000000000000
175 120.77234302066833 31.59262606792984 -1.12741756439209 -0.00028649126762 10 2 0 0 2 1 5.00000000000000
176 120.77234568374097 31.59262158266403 -1.12773764133453 -0.00084449339192 10 2 0 0 2 1 5.00000000000000
177 120.77234816432758 31.59261745537031 -1.12808656692505 0.00049682101235 10 2 0 0 2 1 5.00000000000000
178 120.77235084380294 31.59261303982791 -1.12761259078979 -0.00073874666123 10 2 0 0 2 1 5.00000000000000
179 120.77235348566715 31.59260865440283 -1.12760460376740 0.00013431994012 10 2 0 0 2 1 5.00000000000000
180 120.77235592946062 31.59260460141199 -1.12774765491486 -0.00016943975061 10 2 0 0 2 1 5.00000000000000
181 120.77235855309362 31.59260027285985 -1.12765657901764 0.00014717137674 10 2 0 0 2 1 5.00000000000000
182 120.77236118427261 31.59259597211954 -1.12781465053558 0.00174554192927 10 2 0 0 2 1 5.00000000000000
183 120.77236401537202 31.59259156327420 -1.12763762474060 0.00199946598150 10 2 0 0 2 1 5.00000000000000
184 120.77236657142919 31.59258752663193 -1.12725663185120 0.00059824058553 10 2 0 0 2 1 5.00000000000000
185 120.77236908527004 31.59258340853687 -1.12736058235168 0.00053007761016 10 2 0 0 2 1 5.00000000000000
186 120.77237172697417 31.59257902593200 -1.12677264213562 -0.00226907175966 10 2 0 0 2 1 5.00000000000000
187 120.77237414375985 31.59257495019682 -1.12668359279633 0.00121128826868 10 2 0 0 2 1 5.00000000000000
188 120.77237657573073 31.59257086833038 -1.12682867050171 0.00180189614184 10 2 0 0 2 1 5.00000000000000
189 120.77237918503191 31.59256652616489 -1.12660157680511 -0.00056462967768 10 2 0 0 2 1 5.00000000000000
190 120.77238158175679 31.59256246455964 -1.12687861919403 0.00065835186979 10 2 0 0 2 1 5.00000000000000
191 120.77238401503789 31.59255844448013 -1.12646555900574 -0.00237857876346 10 2 0 0 2 1 5.00000000000000
192 120.77238651284976 31.59255425789483 -1.12651455402374 0.00051337608602 10 2 0 0 2 1 5.00000000000000
193 120.77238914437800 31.59254984083594 -1.12671756744385 -0.00119358533993 10 2 0 0 2 1 5.00000000000000
194 120.77239179489426 31.59254540985097 -1.12611258029938 0.00076896918472 10 2 0 0 2 1 5.00000000000000
195 120.77239434624765 31.59254108853706 -1.12681066989899 0.00037527809036 10 2 0 0 2 1 5.00000000000000
196 120.77239712137759 31.59253657160243 -1.12649261951447 0.00219700671732 10 2 0 0 2 1 5.00000000000000
197 120.77239966960839 31.59253242536120 -1.12675261497498 -0.00093007372925 10 2 0 0 2 1 5.00000000000000
198 120.77240242178404 31.59252802321060 -1.12677156925201 -0.00062058412004 10 2 0 0 2 1 5.00000000000000
199 120.77240516572442 31.59252366354719 -1.12523758411407 -0.00115793675650 10 2 0 0 2 1 5.00000000000000
200 120.77240766536659 31.59251954359129 -1.12480556964874 -0.00187129783444 10 2 0 0 2 1 5.00000000000000
201 120.77241038532887 31.59251519393284 -1.12388455867767 -0.00250074034557 10 2 0 0 2 1 5.00000000000000
202 120.77241308357260 31.59251089952553 -1.12239360809326 -0.00349101028405 10 2 0 0 2 1 5.00000000000000
203 120.77241587230164 31.59250638952808 -1.12048161029816 -0.00354240555316 10 2 0 0 2 1 5.00000000000000
204 120.77241847511432 31.59250214548546 -1.11907362937927 -0.00538637489080 10 2 0 0 2 1 5.00000000000000
205 120.77242123705287 31.59249768420054 -1.11711061000824 -0.00308896740898 10 2 0 0 2 1 5.00000000000000
206 120.77242381963484 31.59249354173112 -1.11492156982422 -0.00816356576979 10 2 0 0 2 1 5.00000000000000
207 120.77242640416291 31.59248941697093 -1.11158156394958 -0.00611759489402 10 2 0 0 2 1 5.00000000000000
208 120.77242916564926 31.59248507603359 -1.10636258125305 -0.01165671832860 10 2 0 0 2 1 5.00000000000000
209 120.77243182829066 31.59248106979321 -1.09984159469604 -0.01496274955571 10 2 0 0 2 1 5.00000000000000
210 120.77243453379910 31.59247713092892 -1.09254157543182 -0.01643101498485 10 2 0 0 2 1 5.00000000000000
211 120.77243743929772 31.59247300569852 -1.08250856399536 -0.01919615641236 10 2 0 0 2 1 5.00000000000000
212 120.77244057317556 31.59246872491191 -1.06952166557312 -0.02843764610589 10 2 0 0 2 1 5.00000000000000
213 120.77244361235132 31.59246478111790 -1.05501866340637 -0.03007486835122 10 2 0 0 2 1 5.00000000000000
214 120.77244694302834 31.59246074472897 -1.03562760353088 -0.04052053764462 10 2 0 0 2 1 5.00000000000000
215 120.77245026021014 31.59245707810070 -1.01307964324951 -0.05224993824959 10 2 0 0 2 1 5.00000000000000
216 120.77245398326215 31.59245337429887 -0.98242759704590 -0.06342299282551 10 2 0 0 2 1 5.00000000000000
217 120.77245765130036 31.59245007842969 -0.94917958974838 -0.07375063747168 10 2 0 0 2 1 5.00000000000000
218 120.77246175432343 31.59244690494085 -0.90824759006500 -0.08104363828897 10 2 0 0 2 1 5.00000000000000
219 120.77246598901905 31.59244396645864 -0.86298060417175 -0.09191457182169 10 2 0 0 2 1 5.00000000000000
220 120.77247065752579 31.59244119752318 -0.81165260076523 -0.10425499826670 10 2 0 0 2 1 5.00000000000000
221 120.77247522966489 31.59243884755467 -0.75937062501907 -0.10432243347168 10 2 0 0 2 1 5.00000000000000
222 120.77248012999452 31.59243665444957 -0.70543861389160 -0.10907491296530 10 2 0 0 2 1 5.00000000000000
223 120.77248536364145 31.59243467662538 -0.64764058589935 -0.10870043188334 10 2 0 0 2 1 5.00000000000000
224 120.77249037254458 31.59243302955747 -0.59347659349442 -0.10530313104391 10 2 0 0 2 1 5.00000000000000
225 120.77249573282815 31.59243162241076 -0.53599262237549 -0.11465341597795 10 2 0 0 2 1 5.00000000000000
226 120.77250121525445 31.59243060172093 -0.47893860936165 -0.11142587661743 10 2 0 0 2 1 5.00000000000000
227 120.77250687896321 31.59242972904572 -0.41916760802269 -0.11242730170488 10 2 0 0 2 1 5.00000000000000
228 120.77251218111512 31.59242912895591 -0.36347261071205 -0.11328183859587 10 2 0 0 2 1 5.00000000000000
229 120.77251767676441 31.59242878597727 -0.30617162585258 -0.10923510044813 10 2 0 0 2 1 5.00000000000000
230 120.77252343316908 31.59242879023012 -0.24614661931992 -0.11441490799189 10 2 0 0 2 1 5.00000000000000
231 120.77252892520566 31.59242913846720 -0.18451161682606 -0.12434903532267 10 2 0 0 2 1 5.00000000000000
232 120.77253485291109 31.59242982057826 -0.11692260950804 -0.12661597132683 10 2 0 0 2 1 5.00000000000000
233 120.77254045526207 31.59243080328398 -0.05275861173868 -0.12006581574678 10 2 0 0 2 1 5.00000000000000
234 120.77254574430945 31.59243190833411 0.00382038811222 -0.10719894617796 10 2 0 0 2 1 5.00000000000000
235 120.77255129555934 31.59243319456718 0.05572038888931 -0.08721549063921 10 2 0 0 2 1 5.00000000000000
236 120.77255662070596 31.59243451734046 0.09960738569498 -0.07742381095886 10 2 0 0 2 1 5.00000000000000
237 120.77256218421010 31.59243590839058 0.13692438602448 -0.06508935987949 10 2 0 0 2 1 5.00000000000000
238 120.77256755474976 31.59243729706690 0.16655838489532 -0.04811085015535 10 2 0 0 2 1 5.00000000000000
239 120.77257269062613 31.59243862921953 0.19081738591194 -0.04436190798879 10 2 0 0 2 1 5.00000000000000
240 120.77257785221252 31.59244003225826 0.21414138376713 -0.04699175059795 10 2 0 0 2 1 5.00000000000000
241 120.77258332262755 31.59244164088606 0.23974639177322 -0.04758372902870 10 2 0 0 2 1 5.00000000000000
242 120.77258852724771 31.59244335821042 0.26583138108253 -0.04666233435273 10 2 0 0 2 1 5.00000000000000
243 120.77259349785949 31.59244504425651 0.29028138518333 -0.04908053949475 10 2 0 0 2 1 5.00000000000000
244 120.77259875139316 31.59244700514385 0.31641739606857 -0.05191498249769 10 2 0 0 2 1 5.00000000000000
245 120.77260375074707 31.59244896101582 0.34172537922859 -0.04711836576462 10 2 0 0 2 1 5.00000000000000
246 120.77260851343556 31.59245095020259 0.36369639635086 -0.03838562965393 10 2 0 0 2 1 5.00000000000000
247 120.77261336187775 31.59245302477827 0.38018539547920 -0.02816836722195 10 2 0 0 2 1 5.00000000000000
248 120.77261859200837 31.59245525560469 0.39220738410950 -0.01800297945738 10 2 0 0 2 1 5.00000000000000
249 120.77262360388113 31.59245729829948 0.39835539460182 -0.01233212836087 10 2 0 0 2 1 5.00000000000000
250 120.77262838076888 31.59245927292343 0.40505039691925 -0.01127412356436 10 2 0 0 2 1 5.00000000000000
251 120.77263348212664 31.59246140101399 0.41115939617157 -0.01110428478569 10 2 0 0 2 1 5.00000000000000
252 120.77263836024878 31.59246344112881 0.41673240065575 -0.01019231323153 10 2 0 0 2 1 5.00000000000000
253 120.77264355694287 31.59246559698253 0.42378237843513 -0.01326952036470 10 2 0 0 2 1 5.00000000000000
254 120.77264882107170 31.59246779165513 0.42934039235115 -0.01091238576919 10 2 0 0 2 1 5.00000000000000
255 120.77265377296942 31.59246995590858 0.43554538488388 -0.01136006228626 10 2 0 0 2 1 5.00000000000000
256 120.77265903257485 31.59247228490700 0.44186538457870 -0.01194583903998 10 2 0 0 2 1 5.00000000000000
257 120.77266394121412 31.59247449838724 0.44756138324738 -0.01227286551148 10 2 0 0 2 1 5.00000000000000
258 120.77266908711437 31.59247692084019 0.45293340086937 -0.00821840949357 10 2 0 0 2 1 5.00000000000000
259 120.77267447574771 31.59247945935242 0.45788037776947 -0.00851696822792 10 2 0 0 2 1 5.00000000000000
260 120.77267950394277 31.59248186589495 0.46307837963104 -0.00774374045432 10 2 0 0 2 1 5.00000000000000
261 120.77268451852737 31.59248417898979 0.46623739600182 -0.00588625064120 10 2 0 0 2 1 5.00000000000000
262 120.77268920349017 31.59248635000832 0.46934038400650 -0.00731071783230 10 2 0 0 2 1 5.00000000000000
263 120.77269406391285 31.59248867056117 0.47147038578987 -0.00330524961464 10 2 0 0 2 1 5.00000000000000
264 120.77269911052390 31.59249102299473 0.47380939126015 -0.00444986624643 10 2 0 0 2 1 5.00000000000000
265 120.77270385581197 31.59249323163206 0.47568437457085 -0.00615677330643 10 2 0 0 2 1 5.00000000000000
266 120.77270854465172 31.59249541390925 0.47756138443947 -0.00262363441288 10 2 0 0 2 1 5.00000000000000
267 120.77271342094068 31.59249774304283 0.47869637608528 -0.00347106531262 10 2 0 0 2 1 5.00000000000000
268 120.77271849073072 31.59250023633744 0.48052638769150 -0.00382245332003 10 2 0 0 2 1 5.00000000000000
269 120.77272324737424 31.59250260844082 0.48278439044952 -0.00389205757529 10 2 0 0 2 1 5.00000000000000
270 120.77272822864312 31.59250513807706 0.48478040099144 -0.00465621193871 10 2 0 0 2 1 5.00000000000000
271 120.77273290517461 31.59250747357047 0.48636838793755 -0.00152466492727 10 2 0 0 2 1 5.00000000000000
272 120.77273777960085 31.59250990898649 0.48837637901306 0.00033198614256 10 2 0 0 2 1 5.00000000000000
273 120.77274233041119 31.59251219213765 0.48978739976883 -0.00209939503111 10 2 0 0 2 1 5.00000000000000
274 120.77274700982611 31.59251457993402 0.49130538105965 -0.00468038301915 10 2 0 0 2 1 5.00000000000000
275 120.77275178074841 31.59251699499805 0.49257940053940 -0.00173327780794 10 2 0 0 2 1 5.00000000000000
276 120.77275657463201 31.59251946322066 0.49444037675858 -0.00245985784568 10 2 0 0 2 1 5.00000000000000
277 120.77276138701860 31.59252192166813 0.49538737535477 -0.00049324170686 10 2 0 0 2 1 5.00000000000000
278 120.77276602154610 31.59252427870222 0.49504938721657 0.00061264866963 10 2 0 0 2 1 5.00000000000000
279 120.77277078581538 31.59252667025123 0.49378138780594 0.00239558052272 10 2 0 0 2 1 5.00000000000000
280 120.77277537410011 31.59252895928633 0.49085238575935 0.01047147437930 10 2 0 0 2 1 5.00000000000000
281 120.77278010034182 31.59253116332707 0.48292738199234 0.02509630285203 10 2 0 0 2 1 5.00000000000000
282 120.77278512297042 31.59253296999963 0.45359539985657 0.09404268115759 10 2 0 0 2 1 5.00000000000000
283 120.77279046189271 31.59253379617904 0.38795238733292 0.17186892032623 10 2 0 0 2 1 5.00000000000000
284 120.77279588411430 31.59253352148824 0.28939038515091 0.26259392499924 10 2 0 0 2 1 5.00000000000000
285 120.77280103425964 31.59253235017593 0.16991238296032 0.26629462838173 10 2 0 0 2 1 5.00000000000000
286 120.77280603161971 31.59253065606245 0.04554438963532 0.28340446949005 10 2 0 0 2 1 5.00000000000000
287 120.77281073122987 31.59252840810910 -0.07848460972309 0.27709984779358 10 2 0 0 2 1 5.00000000000000
288 120.77281506808436 31.59252570724048 -0.20175661146641 0.28691133856773 10 2 0 0 2 1 5.00000000000000
289 120.77281897034079 31.59252261718540 -0.32400760054588 0.28366604447365 10 2 0 0 2 1 5.00000000000000
290 120.77282239675321 31.59251914553364 -0.44685360789299 0.28290325403214 10 2 0 0 2 1 5.00000000000000
291 120.77282535247662 31.59251533304305 -0.56932461261749 0.27642405033112 10 2 0 0 2 1 5.00000000000000
292 120.77282779564617 31.59251118566887 -0.69488662481308 0.27841824293137 10 2 0 0 2 1 5.00000000000000
293 120.77282966323735 31.59250689122595 -0.81459361314774 0.26159098744392 10 2 0 0 2 1 5.00000000000000
294 120.77283139429512 31.59250253567447 -0.92004060745239 0.21003292500973 10 2 0 0 2 1 5.00000000000000
295 120.77283298546632 31.59249822546708 -1.00694060325623 0.17881904542446 10 2 0 0 2 1 5.00000000000000
296 120.77267344671057 31.59248244792727 0.43432438373566 -0.00350207067095 10 2 0 0 2 1 5.00000000000000
297 120.77267822712699 31.59248471187810 0.43644937872887 -0.00505038350821 10 2 0 0 2 1 5.00000000000000
298 120.77268310902848 31.59248692212483 0.43748939037323 -0.00179625011515 10 2 0 0 2 1 5.00000000000000
299 120.77268809719618 31.59248909406081 0.43923437595367 -0.00053200038383 10 2 0 0 2 1 5.00000000000000
300 120.77269298354794 31.59249110309673 0.44025039672852 -0.00066049129236 10 2 0 0 2 1 5.00000000000000
301 120.77269776535348 31.59249309307744 0.44165438413620 0.00086150947027 10 2 0 0 2 1 5.00000000000000
302 120.77270271068909 31.59249518483219 0.44260740280151 -0.00436566444114 10 2 0 0 2 1 5.00000000000000
303 120.77270774307539 31.59249734014725 0.44352439045906 -0.00068683503196 10 2 0 0 2 1 5.00000000000000
304 120.77271280806274 31.59249952985371 0.44504037499428 -0.00296342163347 10 2 0 0 2 1 5.00000000000000
305 120.77271791862616 31.59250172223735 0.44648239016533 -0.00331368157640 10 2 0 0 2 1 5.00000000000000
306 120.77272297927810 31.59250392875474 0.44863939285278 -0.00213086279109 10 2 0 0 2 1 5.00000000000000
307 120.77272789696484 31.59250610716929 0.45025837421417 -0.00480621960014 10 2 0 0 2 1 5.00000000000000
308 120.77273258336480 31.59250819193994 0.45212540030479 -0.00277207372710 10 2 0 0 2 1 5.00000000000000
309 120.77273759411761 31.59251041207000 0.45414540171623 -0.00273852609098 10 2 0 0 2 1 5.00000000000000
310 120.77274235878474 31.59251256661533 0.45550939440727 -0.00067151553230 10 2 0 0 2 1 5.00000000000000
311 120.77274742724349 31.59251487264854 0.45726239681244 -0.00178304186556 10 2 0 0 2 1 5.00000000000000
312 120.77275254013959 31.59251718636711 0.45820939540863 -0.00079134153202 10 2 0 0 2 1 5.00000000000000
313 120.77275742638290 31.59251937509453 0.45943638682365 0.00000440983194 10 2 0 0 2 1 5.00000000000000
314 120.77276266853912 31.59252172074944 0.46005240082741 -0.00111358810682 10 2 0 0 2 1 5.00000000000000
315 120.77276766336551 31.59252396417535 0.46026238799095 -0.00150087568909 10 2 0 0 2 1 5.00000000000000
316 120.77277238573026 31.59252609541461 0.46074539422989 -0.00142341398168 10 2 0 0 2 1 5.00000000000000
317 120.77277739923109 31.59252835931852 0.46090939640999 -0.00101939204615 10 2 0 0 2 1 5.00000000000000
318 120.77278210631738 31.59253045337976 0.46126037836075 0.00064192729769 10 2 0 0 2 1 5.00000000000000
319 120.77278679512033 31.59253253959776 0.46128937602043 -0.00088117423002 10 2 0 0 2 1 5.00000000000000
320 120.77279172995389 31.59253477611172 0.46168839931488 -0.00030902071740 10 2 0 0 2 1 5.00000000000000
321 120.77279690148244 31.59253712526717 0.46196439862251 -0.00410646153614 10 2 0 0 2 1 5.00000000000000
322 120.77280175554904 31.59253930937064 0.46265938878059 -0.00121826352552 10 2 0 0 2 1 5.00000000000000
323 120.77280685029743 31.59254159986792 0.46311339735985 -0.00111811782699 10 2 0 0 2 1 5.00000000000000
324 120.77281190415323 31.59254385723257 0.46356639266014 -0.00026198668638 10 2 0 0 2 1 5.00000000000000
325 120.77281663085064 31.59254597220771 0.46372237801552 -0.00103668961674 10 2 0 0 2 1 5.00000000000000
326 120.77282156602165 31.59254822546511 0.46387937664986 -0.00080785487080 10 2 0 0 2 1 5.00000000000000
327 120.77282673246752 31.59255055144873 0.46435040235519 -0.00146292813588 10 2 0 0 2 1 5.00000000000000
328 120.77283154763559 31.59255272082715 0.46492040157318 -0.00201925961301 10 2 0 0 2 1 5.00000000000000
329 120.77283655607846 31.59255497434937 0.46489539742470 -0.00027758831857 10 2 0 0 2 1 5.00000000000000
330 120.77284124696077 31.59255708448179 0.46491339802742 -0.00133177184034 10 2 0 0 2 1 5.00000000000000
331 120.77284614038831 31.59255929902273 0.46504539251328 0.00004779202209 10 2 0 0 2 1 5.00000000000000
332 120.77285122021109 31.59256161621008 0.46454438567162 0.00141057407018 10 2 0 0 2 1 5.00000000000000
333 120.77285625914986 31.59256388246943 0.46363738179207 0.00032909688889 10 2 0 0 2 1 5.00000000000000
334 120.77286097321725 31.59256597219549 0.46282139420509 0.00159696384799 10 2 0 0 2 1 5.00000000000000
335 120.77286603609662 31.59256824455999 0.46119338274002 0.00466436147690 10 2 0 0 2 1 5.00000000000000
336 120.77287074091606 31.59257036615533 0.46008339524269 0.00358050363138 10 2 0 0 2 1 5.00000000000000
337 120.77287607144723 31.59257270034314 0.45808237791061 0.00392666272819 10 2 0 0 2 1 5.00000000000000
338 120.77288100376249 31.59257489272131 0.45609638094902 0.00589658552781 10 2 0 0 2 1 5.00000000000000
339 120.77288606184970 31.59257706586137 0.45189937949181 0.00760012911633 10 2 0 0 2 1 5.00000000000000
340 120.77289117594930 31.59257923419169 0.44542139768600 0.01286573801190 10 2 0 0 2 1 5.00000000000000
341 120.77289597308442 31.59258113956007 0.43734937906265 0.02064870111644 10 2 0 0 2 1 5.00000000000000
342 120.77290084943135 31.59258296110914 0.42573639750481 0.02746938914061 10 2 0 0 2 1 5.00000000000000
343 120.77290579601623 31.59258473645449 0.41389939188957 0.02692623622715 10 2 0 0 2 1 5.00000000000000
344 120.77291100481855 31.59258641625208 0.39593037962914 0.03402407467365 10 2 0 0 2 1 5.00000000000000
345 120.77291620832025 31.59258789950084 0.37300539016724 0.04400217905641 10 2 0 0 2 1 5.00000000000000
346 120.77292144591331 31.59258909587327 0.34260338544846 0.06828588247299 10 2 0 0 2 1 5.00000000000000
347 120.77292701166664 31.59258985217441 0.29514139890671 0.11340192705393 10 2 0 0 2 1 5.00000000000000
348 120.77293235845532 31.59258993045432 0.23160438239574 0.13814087212086 10 2 0 0 2 1 5.00000000000000
349 120.77293772737900 31.59258953402638 0.15900239348412 0.15764239430428 10 2 0 0 2 1 5.00000000000000
350 120.77294317756689 31.59258865422552 0.07907238602638 0.16215291619301 10 2 0 0 2 1 5.00000000000000
351 120.77294862899507 31.59258732616514 -0.00657861214131 0.17421533167362 10 2 0 0 2 1 5.00000000000000
352 120.77295355616468 31.59258564822899 -0.09235261380672 0.18395678699017 10 2 0 0 2 1 5.00000000000000
353 120.77295833007010 31.59258361052586 -0.17922660708427 0.18488645553589 10 2 0 0 2 1 5.00000000000000
354 120.77296304092685 31.59258115582605 -0.26912161707878 0.18078832328320 10 2 0 0 2 1 5.00000000000000
355 120.77296733839390 31.59257843273917 -0.35655060410500 0.18151704967022 10 2 0 0 2 1 5.00000000000000
356 120.77297144934836 31.59257526723457 -0.44780460000038 0.18832279741764 10 2 0 0 2 1 5.00000000000000
357 120.77297526278578 31.59257182152097 -0.53972560167313 0.18471686542034 10 2 0 0 2 1 5.00000000000000
358 120.77297868526408 31.59256808716758 -0.63071161508560 0.17560423910618 10 2 0 0 2 1 5.00000000000000
359 120.77298177220548 31.59256411149025 -0.71775263547897 0.16353203356266 10 2 0 0 2 1 5.00000000000000
360 120.77298461825951 31.59256010448534 -0.79520261287689 0.14118772745132 10 2 0 0 2 1 5.00000000000000
361 120.77298728917143 31.59255602931066 -0.86512559652328 0.12715901434422 10 2 0 0 2 1 5.00000000000000
362 120.77298972903708 31.59255199173560 -0.92527359724045 0.11773028224707 10 2 0 0 2 1 5.00000000000000
363 120.77299193880765 31.59254782552640 -0.98179662227631 0.11650654673576 10 2 0 0 2 1 5.00000000000000
364 120.77299405224696 31.59254348230451 -1.03448164463043 0.08889161050320 10 2 0 0 2 1 5.00000000000000
365 120.77299620805633 31.59253925826300 -1.07364165782928 0.06292583048344 10 2 0 0 2 1 5.00000000000000
366 120.77299814529184 31.59253500382694 -1.10820066928864 0.05650946497917 10 2 0 0 2 1 5.00000000000000
367 120.77300014504394 31.59253082743665 -1.13084363937378 0.02989876829088 10 2 0 0 2 1 5.00000000000000
368 120.77300241563269 31.59252654207496 -1.14142560958862 0.01714003272355 10 2 0 0 2 1 5.00000000000000
369 120.77300471935459 31.59252244752392 -1.14523565769196 0.00486490689218 10 2 0 0 2 1 5.00000000000000
370 120.77300708828348 31.59251834986369 -1.14523756504059 0.00335447001271 10 2 0 0 2 1 5.00000000000000
371 120.77300887706758 31.59251410342519 -1.14237558841705 -0.05431133881211 10 2 0 0 0 1 5.00000000000000
372 120.77301122418105 31.59251000367113 -1.14209163188934 -0.00478528439999 10 2 0 0 0 1 5.00000000000000
373 120.77301352470941 31.59250592189985 -1.14164161682129 -0.00646964320913 10 2 0 0 0 1 5.00000000000000
374 120.77301588994223 31.59250174024167 -1.14160358905792 -0.00136681634467 10 2 0 0 0 1 5.00000000000000
375 120.77301830004910 31.59249750882247 -1.14132964611053 -0.00111543713138 10 2 0 0 0 1 5.00000000000000
376 120.77302072557272 31.59249329715119 -1.14096164703369 0.00280229700729 10 2 0 0 0 1 5.00000000000000
377 120.77302319824572 31.59248905838492 -1.14066958427429 0.00354297901504 10 2 0 0 0 1 5.00000000000000
378 120.77302555481808 31.59248499783344 -1.13991761207581 0.00588582549244 10 2 0 0 0 1 5.00000000000000
379 120.77302792229874 31.59248090788890 -1.13972866535187 -0.00128681655042 10 2 0 0 0 1 5.00000000000000
380 120.77303030578219 31.59247670333886 -1.13946759700775 -0.00427292706445 10 2 0 0 0 1 5.00000000000000
381 120.77303268919110 31.59247257090897 -1.13901555538177 0.00153032317758 10 2 0 0 0 1 5.00000000000000
382 120.77303514526247 31.59246829328982 -1.13885366916656 -0.00339253665879 10 2 0 0 0 1 5.00000000000000
383 120.77303744590830 31.59246423363064 -1.13849163055420 0.00420237705112 10 2 0 0 0 1 5.00000000000000
384 120.77303979950433 31.59246018138150 -1.13812363147736 0.00140555528924 10 2 0 0 0 1 5.00000000000000
385 120.77304224314069 31.59245594494618 -1.13782262802124 -0.00497618922964 10 2 0 0 0 1 5.00000000000000
386 120.77304465687618 31.59245172925489 -1.13712561130524 -0.00329438433982 10 2 0 0 0 1 5.00000000000000
387 120.77304701115351 31.59244761145076 -1.13699662685394 -0.00277641718276 10 2 0 0 0 1 5.00000000000000
388 120.77304938879074 31.59244348059191 -1.13665759563446 -0.00584314158186 10 2 0 0 0 1 5.00000000000000
389 120.77305183536268 31.59243928540510 -1.13463759422302 -0.00639137811959 10 2 0 0 0 1 5.00000000000000
390 120.77305428719474 31.59243523496074 -1.13053059577942 -0.00934894755483 10 2 0 0 0 1 5.00000000000000
391 120.77305676761657 31.59243122007266 -1.12549257278442 -0.01447577495128 10 2 0 0 0 1 5.00000000000000
392 120.77305934425343 31.59242722636127 -1.11802864074707 -0.02009093575180 10 2 0 0 0 1 5.00000000000000
393 120.77306198218093 31.59242329951856 -1.10984957218170 -0.00869002658874 10 2 0 0 0 1 5.00000000000000
394 120.77306465350401 31.59241936171853 -1.10120666027069 -0.01655152253807 10 2 0 0 0 1 5.00000000000000
395 120.77306739371244 31.59241533503408 -1.09249866008759 -0.01703438721597 10 2 0 0 0 1 5.00000000000000
396 120.77307012727161 31.59241142805056 -1.08411955833435 -0.01712253130972 10 2 0 0 0 1 5.00000000000000
397 120.77307297693046 31.59240743374984 -1.07531464099884 -0.01916505210102 10 2 0 0 0 1 5.00000000000000
398 120.77307582999279 31.59240352337233 -1.06710362434387 -0.01429464854300 10 2 0 0 0 1 5.00000000000000
399 120.77307881124280 31.59239951958263 -1.05832457542419 -0.01870674826205 10 2 0 0 0 1 5.00000000000000
400 120.77308180958772 31.59239555273244 -1.04955863952637 -0.01928515173495 10 2 0 0 0 1 5.00000000000000
401 120.77308487727625 31.59239161388618 -1.04022765159607 -0.01738163083792 10 2 0 0 0 1 5.00000000000000
402 120.77308801603017 31.59238769221080 -1.02961063385010 -0.02355041913688 10 2 0 0 0 1 5.00000000000000
403 120.77309123220608 31.59238380838672 -1.01820766925812 -0.02413186989725 10 2 0 0 0 1 5.00000000000000
404 120.77309451753790 31.59238000099464 -1.00523257255554 -0.02400177344680 10 2 0 0 0 1 5.00000000000000
405 120.77309801352870 31.59237612345882 -0.99035561084747 -0.02729382552207 10 2 0 0 0 1 5.00000000000000
406 120.77310156256689 31.59237231542803 -0.97430860996246 -0.03287095203996 10 2 0 0 0 1 5.00000000000000
407 120.77310521087705 31.59236865656813 -0.95497459173203 -0.03775842487812 10 2 0 0 0 1 5.00000000000000
408 120.77310892575288 31.59236512461731 -0.93401563167572 -0.04046821594238 10 2 0 0 0 1 5.00000000000000
409 120.77311265964869 31.59236172661666 -0.91434758901596 -0.03916380181909 10 2 0 0 0 1 5.00000000000000
410 120.77311637144864 31.59235847395539 -0.89425259828568 -0.04354459792376 10 2 0 0 0 1 5.00000000000000
411 120.77312031054169 31.59235510237493 -0.87476164102554 -0.03846011683345 10 2 0 0 0 1 5.00000000000000
412 120.77312444050874 31.59235178406045 -0.85381060838699 -0.03514204174280 10 2 0 0 0 1 5.00000000000000
413 120.77312867636694 31.59234846845629 -0.83286458253860 -0.03657421097159 10 2 0 0 0 1 5.00000000000000
414 120.77313266260684 31.59234542253748 -0.81409758329391 -0.03923776745796 10 2 0 0 0 1 5.00000000000000
415 120.77313682951052 31.59234240092767 -0.79527461528778 -0.03448972478509 10 2 0 0 0 1 5.00000000000000
416 120.77314111063593 31.59233940019259 -0.77656763792038 -0.03550767526031 10 2 0 0 0 1 5.00000000000000
417 120.77314550726786 31.59233641190058 -0.75701862573624 -0.03780493140221 10 2 0 0 0 1 5.00000000000000
418 120.77314987017233 31.59233355835629 -0.73732763528824 -0.03862918540835 10 2 0 0 0 1 5.00000000000000
419 120.77315439818993 31.59233070561154 -0.71820163726807 -0.03594994172454 10 2 0 0 0 1 5.00000000000000
420 120.77315875069310 31.59232805387600 -0.70027559995651 -0.03575805947185 10 2 0 0 0 1 5.00000000000000
421 120.77316316609109 31.59232551311098 -0.68161761760712 -0.03784532472491 10 2 0 0 0 1 5.00000000000000
422 120.77316782424855 31.59232296731291 -0.66061758995056 -0.04190982505679 10 2 0 0 0 1 5.00000000000000
423 120.77317242842358 31.59232068969789 -0.63741362094879 -0.04858391359448 10 2 0 0 0 1 5.00000000000000
424 120.77317729974605 31.59231841017253 -0.61200863122940 -0.05035815760493 10 2 0 0 0 1 5.00000000000000
425 120.77318208322080 31.59231634107092 -0.58627760410309 -0.05468379706144 10 2 0 0 0 1 5.00000000000000
426 120.77318716336876 31.59231430021546 -0.55850362777710 -0.05282133817673 10 2 0 0 0 1 5.00000000000000
427 120.77319216098869 31.59231244031310 -0.53185063600540 -0.05214161053300 10 2 0 0 0 1 5.00000000000000
428 120.77319718374767 31.59231070389160 -0.50573563575745 -0.05230544507504 10 2 0 0 0 1 5.00000000000000
429 120.77320230755191 31.59230907506118 -0.47811761498451 -0.05239796638489 10 2 0 0 0 1 5.00000000000000
430 120.77320749084515 31.59230758108568 -0.44994962215424 -0.05083047598600 10 2 0 0 0 1 5.00000000000000
431 120.77321282907428 31.59230619679671 -0.42074960470200 -0.05719458311796 10 2 0 0 0 1 5.00000000000000
432 120.77321810256038 31.59230498607116 -0.39178562164307 -0.05799078941345 10 2 0 0 0 1 5.00000000000000
433 120.77322325159030 31.59230395510392 -0.36239060759544 -0.06460574269295 10 2 0 0 0 1 5.00000000000000
434 120.77322867255322 31.59230309582809 -0.32730162143707 -0.07389152050018 10 2 0 0 0 1 5.00000000000000
435 120.77323416537516 31.59230254989523 -0.28517660498619 -0.08924244344234 10 2 0 0 0 1 5.00000000000000
436 120.77323946798055 31.59230235093603 -0.23850661516190 -0.10308121889830 10 2 0 0 0 1 5.00000000000000
437 120.77324485120111 31.59230255154232 -0.18379361927509 -0.11530909687281 10 2 0 0 0 1 5.00000000000000
438 120.77325019972182 31.59230305615847 -0.12556260824203 -0.11663103103638 10 2 0 0 0 1 5.00000000000000
439 120.77325555795021 31.59230382598237 -0.06664460897446 -0.11338433623314 10 2 0 0 0 1 5.00000000000000
440 120.77326075420378 31.59230478551100 -0.01208761241287 -0.11477752029896 10 2 0 0 0 1 5.00000000000000
441 120.77326604052871 31.59230590075663 0.04021238908172 -0.09850428253412 10 2 0 0 0 1 5.00000000000000
442 120.77327134944014 31.59230724474359 0.09016139060259 -0.09671531617641 10 2 0 0 0 1 5.00000000000000
443 120.77327659945082 31.59230882957774 0.13777439296246 -0.08681757003069 10 2 0 0 0 1 5.00000000000000
444 120.77328172292155 31.59231056585308 0.18248438835144 -0.08205953985453 10 2 0 0 0 1 5.00000000000000
445 120.77328662680642 31.59231233784416 0.22333839535713 -0.07918270677328 10 2 0 0 0 1 5.00000000000000
446 120.77329153686713 31.59231423224586 0.26055538654327 -0.06958623975515 10 2 0 0 0 1 5.00000000000000
447 120.77329637799936 31.59231612714929 0.29217839241028 -0.05718017369509 10 2 0 0 0 1 5.00000000000000
448 120.77330133318036 31.59231823394138 0.32414638996124 -0.05772740393877 10 2 0 0 0 1 5.00000000000000
449 120.77330624447946 31.59232042902733 0.35375538468361 -0.05068650841713 10 2 0 0 0 1 5.00000000000000
450 120.77331096541596 31.59232245821043 0.37402740120888 -0.03850822895765 10 2 0 0 0 1 5.00000000000000
451 120.77331583146025 31.59232449197884 0.38746139407158 -0.01590514183044 10 2 0 0 0 1 5.00000000000000
452 120.77332085299062 31.59232645130307 0.39418140053749 -0.00585333770141 10 2 0 0 0 1 5.00000000000000
453 120.77286423791251 31.59244805145859 -1.11952960491180 0.25037413835526 10 2 0 0 0 1 5.00000000000000
454 120.77286667594007 31.59244403900219 -1.11934161186218 -0.00231278990395 10 2 0 0 0 1 5.00000000000000
455 120.77286925748612 31.59243975756727 -1.11869657039642 0.00242065708153 10 2 0 0 0 1 5.00000000000000
456 120.77287174568491 31.59243574290933 -1.11827957630157 -0.00046497079893 10 2 0 0 0 1 5.00000000000000
457 120.77287432740589 31.59243145255202 -1.11823058128357 -0.00103886052966 10 2 0 0 0 1 5.00000000000000
458 120.77287679846408 31.59242738678298 -1.11794757843018 -0.00174994196277 10 2 0 0 0 1 5.00000000000000
459 120.77287933518338 31.59242319697720 -1.11763060092926 -0.00440975325182 10 2 0 0 0 1 5.00000000000000
460 120.77288195457946 31.59241890391480 -1.11749255657196 0.00056990876328 10 2 0 0 0 1 5.00000000000000
461 120.77288459832744 31.59241454400567 -1.11728560924530 0.00073744927067 10 2 0 0 0 1 5.00000000000000
462 120.77288727192436 31.59241019693085 -1.11707258224487 -0.00115460029338 10 2 0 0 0 1 5.00000000000000
463 120.77289001111669 31.59240568458704 -1.11683559417725 -0.00080019846791 10 2 0 0 0 1 5.00000000000000
464 120.77289245519093 31.59240166141822 -1.11687755584717 0.00089991150890 10 2 0 0 0 1 5.00000000000000
465 120.77289507398736 31.59239734824564 -1.11670362949371 0.00213125254959 10 2 0 0 0 1 5.00000000000000
466 120.77289762487774 31.59239318923811 -1.11652064323425 0.00162417709362 10 2 0 0 0 1 5.00000000000000
467 120.77290020945429 31.59238899062190 -1.11584866046906 -0.00067536265124 10 2 0 0 0 1 5.00000000000000
468 120.77290271224413 31.59238496414250 -1.11520564556122 -0.00005859281373 10 2 0 0 0 1 5.00000000000000
469 120.77290537891658 31.59238066715517 -1.11416959762573 0.00041826971574 10 2 0 0 0 1 5.00000000000000
470 120.77290790415321 31.59237652037740 -1.11370861530304 -0.00226580677554 10 2 0 0 0 1 5.00000000000000
471 120.77291061728296 31.59237213918733 -1.11334657669067 -0.00200505461544 10 2 0 0 0 1 5.00000000000000
472 120.77291320701831 31.59236797592651 -1.11331164836884 0.00146358495113 10 2 0 0 0 1 5.00000000000000
473 120.77291593167445 31.59236358576382 -1.11311864852905 -0.00336840003729 10 2 0 0 0 1 5.00000000000000
474 120.77291853993391 31.59235943990183 -1.11258566379547 -0.00107833778020 10 2 0 0 0 1 5.00000000000000
475 120.77292128983756 31.59235506977271 -1.11174964904785 0.00296278460883 10 2 0 0 0 1 5.00000000000000
476 120.77292386852072 31.59235093479694 -1.11134755611420 -0.00358720100485 10 2 0 0 0 1 5.00000000000000
477 120.77292654749152 31.59234667928710 -1.11089658737183 0.00057126645697 10 2 0 0 0 1 5.00000000000000
478 120.77292919401005 31.59234247471406 -1.11041760444641 -0.00001350473940 10 2 0 0 0 1 5.00000000000000
479 120.77293192168176 31.59233810413348 -1.11018466949463 -0.00515186088160 10 2 0 0 0 1 5.00000000000000
480 120.77293446855575 31.59233401050305 -1.11034560203552 0.00351464236155 10 2 0 0 0 1 5.00000000000000
481 120.77293709410316 31.59232984429364 -1.10946464538574 0.00272874860093 10 2 0 0 0 1 5.00000000000000
482 120.77293970944055 31.59232561827464 -1.10944867134094 -0.00128090614453 10 2 0 0 0 1 5.00000000000000
483 120.77294237055582 31.59232135361432 -1.10919356346130 -0.00182282947935 10 2 0 0 0 1 5.00000000000000
484 120.77294505532244 31.59231705927290 -1.10858762264252 0.00094332109438 10 2 0 0 0 1 5.00000000000000
485 120.77294768313097 31.59231285038164 -1.10823166370392 0.00270891841501 10 2 0 0 0 1 5.00000000000000
486 120.77295032255009 31.59230865474678 -1.10595858097076 -0.00559691153467 10 2 0 0 0 1 5.00000000000000
487 120.77295289484087 31.59230470808844 -1.10148465633392 -0.01307348627597 10 2 0 0 0 1 5.00000000000000
488 120.77295558618303 31.59230079527864 -1.09292364120483 -0.02224430255592 10 2 0 0 0 1 5.00000000000000
489 120.77295850912377 31.59229697428119 -1.07663464546204 -0.03662358596921 10 2 0 0 0 1 5.00000000000000
490 120.77296163640838 31.59229325331723 -1.05425763130188 -0.04227984696627 10 2 0 0 0 1 5.00000000000000
491 120.77296497581533 31.59228957632261 -1.02879762649536 -0.04903085902333 10 2 0 0 0 1 5.00000000000000
492 120.77296842143460 31.59228598950649 -1.00305962562561 -0.04349798336625 10 2 0 0 0 1 5.00000000000000
493 120.77297197212935 31.59228239549262 -0.97905963659286 -0.04108418151736 10 2 0 0 0 1 5.00000000000000
494 120.77297555693914 31.59227888725223 -0.95639061927795 -0.04735333099961 10 2 0 0 0 1 5.00000000000000
495 120.77297925617370 31.59227540772805 -0.93362760543823 -0.04307768493891 10 2 0 0 0 1 5.00000000000000
496 120.77298294543384 31.59227211525240 -0.91153562068939 -0.04204718768597 10 2 0 0 0 1 5.00000000000000
497 120.77298676234415 31.59226882872768 -0.88930058479309 -0.04089327529073 10 2 0 0 0 1 5.00000000000000
498 120.77299064750204 31.59226564643459 -0.86614060401917 -0.04566220566630 10 2 0 0 0 1 5.00000000000000
499 120.77299475797130 31.59226246632050 -0.84062063694000 -0.04797574877739 10 2 0 0 0 1 5.00000000000000
500 120.77299921189523 31.59225929483199 -0.81280660629272 -0.05009245127439 10 2 0 0 0 1 5.00000000000000
501 120.77300344405995 31.59225643960456 -0.78577959537506 -0.05765559896827 10 2 0 0 0 1 5.00000000000000
502 120.77300772628104 31.59225380898559 -0.75573062896729 -0.06493504345417 10 2 0 0 0 1 5.00000000000000
503 120.77301240838432 31.59225127480806 -0.71964162588120 -0.07289563119411 10 2 0 0 0 1 5.00000000000000
504 120.77301707924971 31.59224901028815 -0.68118458986282 -0.07747934758663 10 2 0 0 0 1 5.00000000000000
505 120.77302189592038 31.59224692659608 -0.64036363363266 -0.08582091331482 10 2 0 0 0 1 5.00000000000000
506 120.77302704960998 31.59224495960143 -0.59591162204742 -0.08495660871267 10 2 0 0 0 1 5.00000000000000
507 120.77303217124651 31.59224326903952 -0.55103063583374 -0.08413919061422 10 2 0 0 0 1 5.00000000000000
508 120.77303742033081 31.59224177323787 -0.50623059272766 -0.08855499327183 10 2 0 0 0 1 5.00000000000000
509 120.77304258549151 31.59224051129707 -0.46235659718513 -0.09062893688679 10 2 0 0 0 1 5.00000000000000
510 120.77304808324936 31.59223936811935 -0.41614362597466 -0.09208449721336 10 2 0 0 0 1 5.00000000000000
511 120.77305347507360 31.59223846651247 -0.37074461579323 -0.09187272191048 10 2 0 0 0 1 5.00000000000000
512 120.77305878095734 31.59223780309178 -0.32621660828590 -0.08926309645176 10 2 0 0 0 1 5.00000000000000
513 120.77306446092165 31.59223732736105 -0.27890962362289 -0.09053998440504 10 2 0 0 0 1 5.00000000000000
514 120.77307004827438 31.59223709035528 -0.23267760872841 -0.08929073810577 10 2 0 0 0 1 5.00000000000000
515 120.77307552902808 31.59223704206540 -0.18702360987663 -0.08616229146719 10 2 0 0 0 1 5.00000000000000
516 120.77308086898225 31.59223718520372 -0.14404961466789 -0.08434297889471 10 2 0 0 0 1 5.00000000000000
517 120.77308656130785 31.59223751059241 -0.09995061159134 -0.08365055918694 10 2 0 0 0 1 5.00000000000000
518 120.77309205387687 31.59223801452178 -0.05745661258698 -0.08028205484152 10 2 0 0 0 1 5.00000000000000
519 120.77309735155819 31.59223864935710 -0.01775761134923 -0.07966349273920 10 2 0 0 0 1 5.00000000000000
520 120.77310295945701 31.59223950866454 0.02290438860655 -0.07393268495798 10 2 0 0 0 1 5.00000000000000
521 120.77310833334124 31.59224049588576 0.06097538769245 -0.07278337329626 10 2 0 0 0 1 5.00000000000000
522 120.77311346262778 31.59224156745633 0.09595138579607 -0.06773431599140 10 2 0 0 0 1 5.00000000000000
523 120.77311890384613 31.59224283767322 0.13040238618851 -0.05949260666966 10 2 0 0 0 1 5.00000000000000
524 120.77312410723415 31.59224415174258 0.16086038947105 -0.05795695260167 10 2 0 0 0 1 5.00000000000000
525 120.77312961226862 31.59224564289118 0.19116438925266 -0.05562436208129 10 2 0 0 0 1 5.00000000000000
526 120.77313484684097 31.59224719124844 0.21923938393593 -0.05145321041346 10 2 0 0 0 1 5.00000000000000
527 120.77313981117382 31.59224877305366 0.24545238912106 -0.05062990635633 10 2 0 0 0 1 5.00000000000000
528 120.77314505143916 31.59225057001941 0.27285039424896 -0.05247144028544 10 2 0 0 0 1 5.00000000000000
529 120.77315001701395 31.59225239555450 0.29850438237190 -0.05267214402556 10 2 0 0 0 1 5.00000000000000
530 120.77315498136635 31.59225432407061 0.32340538501740 -0.04762845113873 10 2 0 0 0 1 5.00000000000000
531 120.77316023052762 31.59225647300129 0.34875839948654 -0.04464845359325 10 2 0 0 0 1 5.00000000000000
532 120.77316514348087 31.59225859436055 0.37055939435959 -0.03957342728972 10 2 0 0 0 1 5.00000000000000
533 120.77317027524148 31.59226080338707 0.38831040263176 -0.02728954702616 10 2 0 0 0 1 5.00000000000000
534 120.77317510545279 31.59226285199248 0.40022239089012 -0.01946922950447 10 2 0 0 0 1 5.00000000000000
535 120.77229581225038 31.59206080459786 -2.71384096145630 0.13727951049805 10 3 0 0 3 1 3.50000000000000
536 120.77229097463601 31.59205883830496 -2.71352791786194 -0.00017448213475 10 3 0 0 3 1 3.50000000000000
537 120.77228617581072 31.59205684232732 -2.71295285224915 -0.00593072501943 10 3 0 0 3 1 3.50000000000000
538 120.77228122704567 31.59205478966306 -2.71225881576538 -0.00020329830295 10 3 0 0 3 1 3.50000000000000
539 120.77227634868461 31.59205280712672 -2.71308898925781 0.00373749714345 10 3 0 0 3 1 3.50000000000000
540 120.77227159077333 31.59205083143796 -2.71415281295776 0.00087483186508 10 3 0 0 3 1 3.50000000000000
541 120.77226637341280 31.59204872927279 -2.71683192253113 0.00805943366140 10 3 0 0 3 1 3.50000000000000
542 120.77226149037173 31.59204684919351 -2.72153401374817 0.01613408327103 10 3 0 0 3 1 3.50000000000000
543 120.77225633004277 31.59204493687276 -2.73031187057495 0.01762803830206 10 3 0 0 3 1 3.50000000000000
544 120.77225139613648 31.59204328409994 -2.74449682235718 0.02935119532049 10 3 0 0 3 1 3.50000000000000
545 120.77224614944146 31.59204173583295 -2.76445293426514 0.04712243750691 10 3 0 0 3 1 3.50000000000000
546 120.77224094169507 31.59204038397662 -2.78776597976685 0.05037040263414 10 3 0 0 3 1 3.50000000000000
547 120.77223558129437 31.59203919186373 -2.81526184082031 0.05939025431871 10 3 0 0 3 1 3.50000000000000
548 120.77223026280788 31.59203820534557 -2.84603881835938 0.06214021518826 10 3 0 0 3 1 3.50000000000000
549 120.77222499902336 31.59203745848655 -2.87920284271240 0.07040184736252 10 3 0 0 3 1 3.50000000000000
550 120.77221960002284 31.59203690694031 -2.91683888435364 0.07517231255770 10 3 0 0 3 1 3.50000000000000
551 120.77221427763838 31.59203655341211 -2.95401787757874 0.07484011352062 10 3 0 0 3 1 3.50000000000000
552 120.77220861810727 31.59203642089100 -2.99569487571716 0.08289377391338 10 3 0 0 3 1 3.50000000000000
553 120.77220284485190 31.59203644410574 -3.03819394111633 0.08003178238869 10 3 0 0 3 1 3.50000000000000
554 120.77219719203140 31.59203670343938 -3.08005690574646 0.08014170825481 10 3 0 0 3 1 3.50000000000000
555 120.77219168155953 31.59203714421146 -3.12087202072144 0.08099236339331 10 3 0 0 3 1 3.50000000000000
556 120.77218630885264 31.59203777542680 3.12245035171509 0.07903678715229 10 3 0 0 3 1 3.50000000000000
557 120.77218108695500 31.59203859710397 3.08218050003052 0.07614430785179 10 3 0 0 3 1 3.50000000000000
558 120.77217557982109 31.59203956949239 3.04061031341553 0.07866317778826 10 3 0 0 3 1 3.50000000000000
559 120.77217029263876 31.59204073082647 2.99941134452820 0.07974786311388 10 3 0 0 3 1 3.50000000000000
560 120.77216501251175 31.59204206872634 2.95811533927917 0.07914082705975 10 3 0 0 3 1 3.50000000000000
561 120.77215997386703 31.59204362538104 2.91825532913208 0.08085095137358 10 3 0 0 3 1 3.50000000000000
562 120.77215467718871 31.59204547298488 2.87369036674500 0.08488147705793 10 3 0 0 3 1 3.50000000000000
563 120.77214963517974 31.59204741436284 2.83033132553101 0.08449032157660 10 3 0 0 3 1 3.50000000000000
564 120.77214490905270 31.59204951482700 2.78694248199463 0.08707294613123 10 3 0 0 3 1 3.50000000000000
565 120.77214005596710 31.59205192778704 2.74024128913879 0.08915142714977 10 3 0 0 3 1 3.50000000000000
566 120.77213553240320 31.59205444459208 2.69520831108093 0.08978193253279 10 3 0 0 3 1 3.50000000000000
567 120.77213093140905 31.59205731132742 2.64710330963135 0.09048441052437 10 3 0 0 3 1 3.50000000000000
568 120.77212662147092 31.59206018903686 2.60262227058411 0.08508443087339 10 3 0 0 3 1 3.50000000000000
569 120.77212221659514 31.59206338233216 2.55666542053223 0.08562205731869 10 3 0 0 3 1 3.50000000000000
570 120.77211815969883 31.59206661595904 2.51319241523743 0.08097346872091 10 3 0 0 3 1 3.50000000000000
571 120.77211439065162 31.59206982847325 2.47309327125549 0.07819957286119 10 3 0 0 3 1 3.50000000000000
572 120.77211053075675 31.59207331627502 2.43320035934448 0.07203456759453 10 3 0 0 3 1 3.50000000000000
573 120.77210693533948 31.59207675348212 2.39601445198059 0.07119801640511 10 3 0 0 3 1 3.50000000000000
574 120.77210324577604 31.59208047965141 2.35986948013306 0.06582389771938 10 3 0 0 3 1 3.50000000000000
575 120.77209977119202 31.59208408436065 2.33053636550903 0.05245279148221 10 3 0 0 3 1 3.50000000000000
576 120.77209621704117 31.59208793655279 2.30144238471985 0.05268279090524 10 3 0 0 3 1 3.50000000000000
577 120.77209296276415 31.59209166650449 2.27461433410645 0.05196430534124 10 3 0 0 3 1 3.50000000000000
578 120.77208965378576 31.59209561881786 2.24888443946838 0.04588818550110 10 3 0 0 3 1 3.50000000000000
579 120.77208654703693 31.59209935599006 2.22875738143921 0.02975545823574 10 3 0 0 3 1 3.50000000000000
580 120.77208341953764 31.59210304872110 2.21476531028748 0.02328607998788 10 3 0 0 3 1 3.50000000000000
581 120.77208010490912 31.59210685161579 2.20770335197449 0.00638458784670 10 3 0 0 3 1 3.50000000000000
582 120.77207660890272 31.59211077875647 2.20274639129639 0.01069988030940 10 3 0 0 3 1 3.50000000000000
583 120.77207331784220 31.59211451927352 2.19901847839355 0.00526518048719 10 3 0 0 3 1 3.50000000000000
584 120.77206989839361 31.59211839901873 2.19586730003357 0.00491651566699 10 3 0 0 3 1 3.50000000000000
585 120.77206666712054 31.59212206529921 2.19448947906494 0.00254225521348 10 3 0 0 3 1 3.50000000000000
586 120.77206331481096 31.59212588182478 2.19264149665833 0.00331770721823 10 3 0 0 3 1 3.50000000000000
587 120.77206017872919 31.59212951185524 2.19101428985596 0.00279453117400 10 3 0 0 3 1 3.50000000000000
588 120.77205694831898 31.59213328899040 2.18897747993469 0.00373427825980 10 3 0 0 3 1 3.50000000000000
589 120.77205363894234 31.59213722377006 2.18552136421204 0.00696889916435 10 3 0 0 3 1 3.50000000000000
590 120.77205043015914 31.59214114176264 2.18050432205200 0.01169462781399 10 3 0 0 3 1 3.50000000000000
591 120.77204743609943 31.59214486889901 2.17564249038696 0.00941036734730 10 3 0 0 3 1 3.50000000000000
592 120.77204437289325 31.59214875854047 2.16946840286255 0.01358042657375 10 3 0 0 3 1 3.50000000000000
593 120.77204125229716 31.59215280494141 2.16261243820190 0.01449851971120 10 3 0 0 3 1 3.50000000000000
594 120.77203833307517 31.59215664838829 2.15667033195496 0.00957471225411 10 3 0 0 3 1 3.50000000000000
595 120.77203532734228 31.59216060353669 2.15093445777893 0.00981119927019 10 3 0 0 3 1 3.50000000000000
596 120.77203227053320 31.59216467799783 2.14560532569885 0.01099295262247 10 3 0 0 3 1 3.50000000000000
597 120.77202937736109 31.59216853306528 2.14124631881714 0.00732073187828 10 3 0 0 3 1 3.50000000000000
598 120.77202641397716 31.59217249709817 2.13709831237793 0.01049907505512 10 3 0 0 3 1 3.50000000000000
599 120.77202354723616 31.59217640726392 2.13272142410278 0.00921486690640 10 3 0 0 3 1 3.50000000000000
600 120.77202060260632 31.59218042951322 2.12853336334229 0.00637360615656 10 3 0 0 3 1 3.50000000000000
601 120.77201761339848 31.59218454933716 2.12421941757202 0.00810240674764 10 3 0 0 3 1 3.50000000000000
602 120.77201478000052 31.59218858865965 2.11750841140747 0.01636797562242 10 3 0 0 3 1 3.50000000000000
603 120.77201199501782 31.59219275605053 2.10829043388367 0.02087266556919 10 3 0 0 3 1 3.50000000000000
604 120.77200935884284 31.59219672365209 2.09907031059265 0.02001555263996 10 3 0 0 3 1 3.50000000000000
605 120.77200671448736 31.59220068952381 2.09109449386597 0.01439667865634 10 3 0 0 3 1 3.50000000000000
606 120.77200391997752 31.59220490422810 2.08427834510803 0.01061847247183 10 3 0 0 3 1 3.50000000000000
607 120.77200112369911 31.59220901308242 2.08000135421753 0.00597321474925 10 3 0 0 3 1 3.50000000000000
608 120.77199840825057 31.59221295637024 2.07821846008301 0.00073508819332 10 3 0 0 3 1 3.50000000000000
609 120.77199570196822 31.59221689234012 2.07799434661865 -0.00414557242766 10 3 0 0 3 1 3.50000000000000
610 120.77199276430723 31.59222106182401 2.07916331291199 -0.00416705152020 10 3 0 0 3 1 3.50000000000000
611 120.77198985965948 31.59222513606725 2.08148837089539 -0.00847697909921 10 3 0 0 3 1 3.50000000000000
612 120.77198701810026 31.59222904173696 2.08631443977356 -0.01002534385771 10 3 0 0 3 1 3.50000000000000
613 120.77198387959766 31.59223325354587 2.09261846542358 -0.01600087434053 10 3 0 0 3 1 3.50000000000000
614 120.77198078930114 31.59223718100594 2.09890246391296 -0.01357240602374 10 3 0 0 3 1 3.50000000000000
