Id Lon Lat heading curvature mode SpeedMode EventMode OppositeSideMode LaneNum LaneSeq LaneWidth
0 120.77948830846049 31.59031151622809 -1.04384756088257 -0.69428163766861 10 2 0 1 3 2 3.50000000000000
1 120.77949125807410 31.59030764181593 -1.03923165798187 -0.00853469967842 10 2 0 1 3 2 3.50000000000000
2 120.77949433232963 31.59030374837453 -1.03118360042572 -0.01684490591288 10 2 0 1 3 2 3.50000000000000
3 120.77949739970872 31.59029988591913 -1.02405965328217 -0.01101828739047 10 2 0 1 3 2 3.50000000000000
4 120.77950040931668 31.59029607792240 -1.01957464218140 -0.00292716640979 10 2 0 1 3 2 3.50000000000000
5 120.77950348660659 31.59029210438938 -1.01769959926605 0.00167280598544 10 2 0 1 3 2 3.50000000000000
6 120.77950640391143 31.59028830337344 -1.01711165904999 -0.00101323239505 10 2 0 1 3 2 3.50000000000000
7 120.77950934486449 31.59028447762381 -1.01640260219574 -0.00277566607110 10 2 0 1 3 2 3.50000000000000
8 120.77951227072779 31.59028071484436 -1.01492857933044 -0.00493113650009 10 2 0 1 3 2 3.50000000000000
9 120.77951539686933 31.59027670463577 -1.01295959949493 -0.00350201199763 10 2 0 1 3 2 3.50000000000000
10 120.77951845376546 31.59027282126323 -1.01090061664581 -0.00417688814923 10 2 0 1 3 2 3.50000000000000
11 120.77952165145008 31.59026877616860 -1.00847458839417 -0.00124924385455 10 2 0 1 3 2 3.50000000000000
12 120.77952481825285 31.59026478173151 -1.00635063648224 -0.00347525510006 10 2 0 1 3 2 3.50000000000000
13 120.77952782074807 31.59026101060722 -1.00478959083557 -0.00570490024984 10 2 0 1 3 2 3.50000000000000
14 120.77953091638683 31.59025713540774 -1.00313258171082 -0.00171118718572 10 2 0 1 3 2 3.50000000000000
15 120.77953412026294 31.59025315591143 -1.00136661529541 -0.00273677567020 10 2 0 1 3 2 3.50000000000000
16 120.77953715166456 31.59024937568541 -0.99995660781860 -0.00226423214190 10 2 0 1 3 2 3.50000000000000
17 120.77954014945023 31.59024564434709 -0.99874460697174 -0.00166115886532 10 2 0 1 3 2 3.50000000000000
18 120.77954321666691 31.59024180505761 -0.99747562408447 -0.00269156787544 10 2 0 1 3 2 3.50000000000000
19 120.77954636005160 31.59023787023252 -0.99654763936996 -0.00326852826402 10 2 0 1 3 2 3.50000000000000
20 120.77954961279121 31.59023384875339 -0.99543958902359 -0.00272739282809 10 2 0 1 3 2 3.50000000000000
21 120.77955262368312 31.59023009503593 -0.99430358409882 -0.00292147509754 10 2 0 1 3 2 3.50000000000000
22 120.77955574665272 31.59022623347312 -0.99337959289551 0.00064496195409 10 2 0 1 3 2 3.50000000000000
23 120.77955878626435 31.59022250961656 -0.99224358797073 -0.00039373437176 10 2 0 1 3 2 3.50000000000000
24 120.77956365883834 31.59022059567585 -0.87486159801483 -0.27476370334625 10 2 0 1 0 2 3.50000000000000
25 120.77956878272410 31.59021939278558 -0.75793761014938 -0.26834669709206 10 2 0 1 0 2 3.50000000000000
26 120.77957410175684 31.59021859805142 -0.64175462722778 -0.24714280664921 10 2 0 1 0 2 3.50000000000000
27 120.77957945035524 31.59021821838130 -0.53016263246536 -0.24197053909302 10 2 0 1 0 2 3.50000000000000
28 120.77958484754565 31.59021820414860 -0.42256960272789 -0.21669310331345 10 2 0 1 0 2 3.50000000000000
29 120.77959020813991 31.59021822873047 -0.33249861001968 -0.13673688471317 10 2 0 1 0 2 3.50000000000000
30 120.77959557277762 31.59021755031521 -0.28957360982895 -0.03916918858886 10 2 0 1 0 2 3.50000000000000
31 120.77960063229332 31.59021590133061 -0.30283960700035 0.08775757253170 10 2 0 1 0 2 3.50000000000000
32 120.77960511493187 31.59021319044079 -0.36690559983253 0.15616789460182 10 2 0 1 0 2 3.50000000000000
33 120.77960911196244 31.59021003998180 -0.44874760508537 0.17624299228191 10 2 0 1 0 2 3.50000000000000
34 120.77961293442566 31.59020677276091 -0.52599960565567 0.15183483064175 10 2 0 1 0 2 3.50000000000000
35 120.77961675776513 31.59020352227533 -0.59225058555603 0.11894427984953 10 2 0 1 0 2 3.50000000000000
36 120.77962041336319 31.59020026092729 -0.64841562509537 0.11669202148914 10 2 0 1 0 2 3.50000000000000
37 120.77962394644572 31.59019680223251 -0.70269060134888 0.10988730937243 10 2 0 1 0 2 3.50000000000000
38 120.77962734000855 31.59019312328622 -0.75679862499237 0.10455261170864 10 2 0 1 0 2 3.50000000000000
39 120.77963052152987 31.59018937076819 -0.80778962373734 0.09544073790312 10 2 0 1 0 2 3.50000000000000
40 120.77963361484993 31.59018559087558 -0.85255062580109 0.08358831703663 10 2 0 1 0 2 3.50000000000000
41 120.77963669153173 31.59018185517845 -0.88573163747787 0.04178068041801 10 2 0 1 0 2 3.50000000000000
42 120.77963993059613 31.59017817786049 -0.90418058633804 0.03969002515078 10 2 0 1 0 2 3.50000000000000
43 120.77964297588899 31.59017447176534 -0.92322564125061 0.03619498759508 10 2 0 1 0 2 3.50000000000000
44 120.77964583391100 31.59017059128422 -0.92958962917328 0.00621752254665 10 2 0 1 3 3 3.50000000000000
45 120.77964909485951 31.59016703580122 -0.92950361967087 0.00097719184123 10 2 0 1 3 3 3.50000000000000
46 120.77965239854272 31.59016338060880 -0.93130260705948 0.00482350727543 10 2 0 1 3 3 3.50000000000000
47 120.77965570881257 31.59015966185565 -0.93451559543610 0.00903575867414 10 2 0 1 3 3 3.50000000000000
48 120.77965897266670 31.59015596081645 -0.93787759542465 0.00657723098993 10 2 0 1 3 3 3.50000000000000
49 120.77966235899834 31.59015206654903 -0.94217759370804 0.00735207693651 10 2 0 1 3 3 3.50000000000000
50 120.77966550806940 31.59014837810235 -0.94624662399292 0.00853557139635 10 2 0 1 3 3 3.50000000000000
51 120.77966868512067 31.59014466931323 -0.95015662908554 0.00766440480947 10 2 0 1 3 3 3.50000000000000
52 120.77967182789632 31.59014096144524 -0.95448559522629 0.00959612429142 10 2 0 1 3 3 3.50000000000000
53 120.77967490540495 31.59013728940333 -0.95801758766174 0.00624938542023 10 2 0 1 3 3 3.50000000000000
54 120.77967828417431 31.59013329724167 -0.95993661880493 0.00214634509757 10 2 0 1 3 3 3.50000000000000
55 120.77968160366679 31.59012937726083 -0.96191358566284 0.00260902917944 10 2 0 1 3 3 3.50000000000000
56 120.77968483286743 31.59012553949632 -0.96378862857819 0.00431422749534 10 2 0 1 3 3 3.50000000000000
57 120.77968796446333 31.59012181017184 -0.96588361263275 0.00296093430370 10 2 0 1 3 3 3.50000000000000
58 120.77969137049813 31.59011773108064 -0.96760958433151 0.00604454800487 10 2 0 1 3 3 3.50000000000000
59 120.77969468687712 31.59011375329645 -0.96908658742905 0.00160356215201 10 2 0 1 3 3 3.50000000000000
60 120.77969789792174 31.59010988481577 -0.97073358297348 0.00470820674673 10 2 0 1 3 3 3.50000000000000
61 120.77970121759434 31.59010590502397 -0.97240662574768 0.00228727632202 10 2 0 1 3 3 3.50000000000000
62 120.77970439983234 31.59010204525823 -0.97404259443283 0.00415064860135 10 2 0 1 3 3 3.50000000000000
63 120.77970743672418 31.59009833466855 -0.97549563646317 0.00235074199736 10 2 0 1 3 3 3.50000000000000
64 120.77971079228517 31.59009426111548 -0.97705763578415 0.00068773364183 10 2 0 1 3 3 3.50000000000000
65 120.77971400126573 31.59009035664931 -0.97833961248398 0.00309650669806 10 2 0 1 3 3 3.50000000000000
66 120.77971727691310 31.59008633883357 -0.97967958450317 0.00256238225847 10 2 0 1 3 3 3.50000000000000
67 120.77972037152803 31.59008252137057 -0.98094260692596 0.00190875947010 10 2 0 1 3 3 3.50000000000000
68 120.77972380535263 31.59007831835947 -0.98176163434982 0.00070406426676 10 2 0 1 3 3 3.50000000000000
69 120.77972731617784 31.59007401539741 -0.98225063085556 0.00090909464052 10 2 0 1 3 3 3.50000000000000
70 120.77973064514408 31.59006993055974 -0.98277258872986 -0.00042803864926 10 2 0 1 3 3 3.50000000000000
71 120.77973377719654 31.59006608953957 -0.98272758722305 0.00093974184711 10 2 0 1 3 3 3.50000000000000
72 120.77973695663744 31.59006218085289 -0.98301160335541 0.00014768002438 10 2 0 1 3 3 3.50000000000000
73 120.77974046011728 31.59005787412950 -0.98332160711288 -0.00046113348799 10 2 0 1 3 3 3.50000000000000
74 120.77974374586242 31.59005382540313 -0.98379260301590 0.00114846392535 10 2 0 1 3 3 3.50000000000000
75 120.77974706124900 31.59004971110765 -0.98467963933945 0.00397949991748 10 2 0 1 3 3 3.50000000000000
76 120.77975071703797 31.59004520233843 -0.98535859584808 0.00200475845486 10 2 0 1 3 3 3.50000000000000
77 120.77975412199879 31.59004098696156 -0.98630762100220 0.00224185758270 10 2 0 1 3 3 3.50000000000000
78 120.77975754492269 31.59003671609955 -0.98720461130142 0.00210270797834 10 2 0 1 3 3 3.50000000000000
79 120.77976129218351 31.59003204036351 -0.98821860551834 0.00180919875856 10 2 0 1 3 3 3.50000000000000
80 120.77976479862851 31.59002768900512 -0.98855262994766 -0.00036594842095 10 2 0 1 3 3 3.50000000000000
81 120.77976833156923 31.59002330352070 -0.98833763599396 -0.00066729058744 10 2 0 1 3 3 3.50000000000000
82 120.77977190081437 31.59001889206351 -0.98830962181091 -0.00134303118102 10 2 0 1 3 3 3.50000000000000
83 120.77977519468976 31.59001481416512 -0.98818463087082 0.00001235620039 10 2 0 1 3 3 3.50000000000000
84 120.77977821207352 31.59001107979502 -0.98807561397552 -0.00082732248120 10 2 0 1 3 3 3.50000000000000
85 120.77978124526028 31.59000732536078 -0.98802858591080 -0.00049529672833 10 2 0 1 3 3 3.50000000000000
86 120.77978430593815 31.59000354831947 -0.98792463541031 -0.00089617131744 10 2 0 1 3 3 3.50000000000000
87 120.77978768241620 31.58999936704138 -0.98779863119125 0.00010323573952 10 2 0 1 3 3 3.50000000000000
88 120.77979077585748 31.58999554191695 -0.98784160614014 0.00020467472496 10 2 0 1 3 3 3.50000000000000
89 120.77979388658513 31.58999169642823 -0.98776859045029 -0.00039267452667 10 2 0 1 3 3 3.50000000000000
90 120.77979701002995 31.58998782378843 -0.98773258924484 -0.00069667841308 10 2 0 1 3 3 3.50000000000000
91 120.77980047097081 31.58998354661065 -0.98769259452820 0.00064465793548 10 2 0 1 3 3 3.50000000000000
92 120.77980364435037 31.58997963395560 -0.98750960826874 -0.00085276417667 10 2 0 1 3 3 3.50000000000000
93 120.77980683293003 31.58997569869061 -0.98735558986664 0.00076934852405 10 2 0 1 3 3 3.50000000000000
94 120.77981004078215 31.58997174735525 -0.98713660240173 0.00068714260124 10 2 0 1 3 3 3.50000000000000
95 120.77981358723883 31.58996737822665 -0.98709261417389 -0.00108101882506 10 2 0 1 3 3 3.50000000000000
96 120.77981681831639 31.58996338935523 -0.98688060045242 0.00018367168377 10 2 0 1 3 3 3.50000000000000
97 120.77982007014171 31.58995938868900 -0.98684060573578 0.00026245586923 10 2 0 1 3 3 3.50000000000000
98 120.77982365441939 31.58995496702725 -0.98682159185410 -0.00070329126902 10 2 0 1 3 3 3.50000000000000
99 120.77982690553677 31.58995093193216 -0.98660963773727 -0.00023395575408 10 2 0 1 3 3 3.50000000000000
100 120.77983017834097 31.58994688778294 -0.98680561780930 0.00215327227488 10 2 0 1 3 3 3.50000000000000
101 120.77983345425724 31.58994283531111 -0.98742359876633 -0.00035207069595 10 2 0 1 3 3 3.50000000000000
102 120.77983707033846 31.58993836130224 -0.98740261793137 -0.00027303310344 10 2 0 1 3 3 3.50000000000000
103 120.77984036302864 31.58993427736825 -0.98773360252380 0.00144297361840 10 2 0 1 3 3 3.50000000000000
104 120.77984365652408 31.58993018628089 -0.98825263977051 -0.00037721576518 10 2 0 1 3 3 3.50000000000000
105 120.77984695313378 31.58992607802788 -0.98874861001968 0.00052127050003 10 2 0 1 3 3 3.50000000000000
106 120.77985059044775 31.58992154923754 -0.98945862054825 0.00107469141949 10 2 0 1 3 3 3.50000000000000
107 120.77985390211286 31.58991742345219 -0.98994863033295 0.00001683562368 10 2 0 1 3 3 3.50000000000000
108 120.77985721577753 31.58991327853124 -0.99037563800812 0.00069754250580 10 2 0 1 3 3 3.50000000000000
109 120.77986087002209 31.58990870783750 -0.99088859558105 0.00075379223563 10 2 0 1 3 3 3.50000000000000
110 120.77986418857424 31.58990454310804 -0.99159759283066 0.00101301365066 10 2 0 1 3 3 3.50000000000000
111 120.77986750899041 31.58990037377842 -0.99209558963776 0.00130285078194 10 2 0 1 3 3 3.50000000000000
112 120.77987083433882 31.58989620746220 -0.99250662326813 0.00073300738586 10 2 0 1 3 3 3.50000000000000
113 120.77987381414309 31.58989245730002 -0.99311959743500 0.00086322647985 10 2 0 1 3 3 3.50000000000000
114 120.77987711573071 31.58988830025485 -0.99340158700943 0.00020414369646 10 2 0 1 3 3 3.50000000000000
115 120.77988041062675 31.58988415121972 -0.99384564161301 0.00138626655098 10 2 0 1 3 3 3.50000000000000
116 120.77988368573217 31.58988000848758 -0.99457961320877 0.00131341547240 10 2 0 1 3 3 3.50000000000000
117 120.77988728465711 31.58987546622417 -0.99491858482361 0.00102664763108 10 2 0 1 3 3 3.50000000000000
118 120.77989055122545 31.58987134679906 -0.99559563398361 0.00144288153388 10 2 0 1 3 3 3.50000000000000
119 120.77989380372792 31.58986722715123 -0.99608761072159 0.00041636353126 10 2 0 1 3 3 3.50000000000000
120 120.77989705331321 31.58986312167579 -0.99613660573959 0.00014480711252 10 2 0 1 3 3 3.50000000000000
121 120.77990061615536 31.58985861513389 -0.99669760465622 0.00132022204343 10 2 0 1 3 3 3.50000000000000
122 120.77990384015398 31.58985452654053 -0.99704259634018 -0.00085593375843 10 2 0 1 3 3 3.50000000000000
123 120.77990705858522 31.58985044556712 -0.99717563390732 0.00051662483020 10 2 0 1 3 3 3.50000000000000
124 120.77991027158663 31.58984637516353 -0.99763858318329 0.00073366687866 10 2 0 1 3 3 3.50000000000000
125 120.77991379795627 31.58984190990845 -0.99789559841156 -0.00115150283091 10 2 0 1 3 3 3.50000000000000
126 120.77991700083147 31.58983786998610 -0.99786561727524 0.00016303073789 10 2 0 1 3 3 3.50000000000000
127 120.77992017545913 31.58983386412459 -0.99812060594559 0.00108572526369 10 2 0 1 3 3 3.50000000000000
128 120.77992331499340 31.58982988594398 -0.99816858768463 -0.00034104607766 10 2 0 1 3 3 3.50000000000000
129 120.77992675116649 31.58982553948645 -0.99820458889008 0.00056425266666 10 2 0 1 3 3 3.50000000000000
130 120.77992985198775 31.58982161784876 -0.99846661090851 0.00078351935372 10 2 0 1 3 3 3.50000000000000
131 120.77993292331726 31.58981772398488 -0.99867659807205 0.00059841008624 10 2 0 1 3 3 3.50000000000000
132 120.77993628731220 31.58981347717656 -0.99839460849762 -0.00086518609896 10 2 0 1 3 3 3.50000000000000
133 120.77993931117513 31.58980963624223 -0.99859863519669 0.00062808376970 10 2 0 1 3 3 3.50000000000000
134 120.77994231414142 31.58980582580384 -0.99872958660126 -0.00065659062238 10 2 0 1 3 3 3.50000000000000
135 120.77994529968603 31.58980204368388 -0.99862158298492 -0.00102835206781 10 2 0 1 3 3 3.50000000000000
136 120.77994855307477 31.58979792007982 -0.99871659278870 0.00130966678262 10 2 0 1 3 3 3.50000000000000
137 120.77995206632916 31.58979345912462 -0.99878460168839 0.00085833651247 10 2 0 1 3 3 3.50000000000000
138 120.77995555733084 31.58978903346517 -0.99862360954285 -0.00010892692080 10 2 0 1 3 3 3.50000000000000
139 120.77995872597515 31.58978502607721 -0.99868661165237 0.00076902308501 10 2 0 1 3 3 3.50000000000000
140 120.77996213995360 31.58978068536449 -0.99872058629990 -0.00002135393697 10 2 0 1 3 3 3.50000000000000
141 120.77996552462187 31.58977640479853 -0.99819964170456 -0.00025215014466 10 2 0 1 3 3 3.50000000000000
142 120.77996860384592 31.58977248556492 -0.99795961380005 -0.00058257969795 10 2 0 1 3 3 3.50000000000000
143 120.77997195245278 31.58976821136062 -0.99702358245850 -0.00235819397494 10 2 0 1 3 3 3.50000000000000
144 120.77997525915309 31.58976398442997 -0.99658060073853 0.00041368932580 10 2 0 1 3 3 3.50000000000000
145 120.77997852409339 31.58975982979572 -0.99600559473038 -0.00105841807090 10 2 0 1 3 3 3.50000000000000
146 120.77998146882467 31.58975608025588 -0.99550461769104 -0.00071663968265 10 2 0 1 3 3 3.50000000000000
147 120.77998463864589 31.58975204852549 -0.99516463279724 -0.00076322036330 10 2 0 1 3 3 3.50000000000000
148 120.77998775198442 31.58974810914811 -0.99475759267807 -0.00151472154539 10 2 0 1 3 3 3.50000000000000
149 120.77999101641529 31.58974395879520 -0.99479359388351 0.00015533310943 10 2 0 1 3 3 3.50000000000000
150 120.77999438530578 31.58973970748466 -0.99467760324478 0.00022567350243 10 2 0 1 3 3 3.50000000000000
151 120.77999755759166 31.58973570594431 -0.99469262361526 -0.00026103109121 10 2 0 1 3 3 3.50000000000000
152 120.78000074092731 31.58973168933287 -0.99489760398865 -0.00096040929202 10 2 0 1 3 3 3.50000000000000
153 120.78000388547404 31.58972772723381 -0.99489760398865 0.00091270770645 10 2 0 1 3 3 3.50000000000000
154 120.78000689012168 31.58972393119767 -0.99454462528229 0.00044180150144 10 2 0 1 3 3 3.50000000000000
155 120.78000997183237 31.58972003252551 -0.99496960639954 -0.00308254640549 10 2 0 1 3 3 3.50000000000000
156 120.78001312522387 31.58971608591770 -0.99496358633041 0.00026121025439 10 2 0 1 3 3 3.50000000000000
157 120.78001616797239 31.58971224954534 -0.99495959281921 0.00658178422600 10 2 0 1 3 3 3.50000000000000
158 120.78001953153178 31.58970873756940 -0.99364560842514 -0.00873460900038 3 2 0 0 3 3 3.50000000000000
159 120.78002260459368 31.58970501824973 -0.99087560176849 -0.00225901440717 3 2 0 0 3 3 3.50000000000000
160 120.78002574963543 31.58970109056724 -0.99094259738922 0.00507206376642 3 2 0 0 3 3 3.50000000000000
161 120.78002891990715 31.58969712447925 -0.99166262149811 0.00014324195217 3 2 0 0 3 3 3.50000000000000
162 120.78003190163102 31.58969338898172 -0.99223959445953 0.00050152326003 3 2 0 0 3 3 3.50000000000000
163 120.78003512312627 31.58968934284775 -0.99269163608551 0.00411268882453 3 2 0 0 3 3 3.50000000000000
164 120.78003823423660 31.58968543774165 -0.99283462762833 -0.00039569978253 3 2 0 0 3 3 3.50000000000000
165 120.78004145860454 31.58968140118827 -0.99297559261322 -0.00155370996799 3 2 0 0 3 3 3.50000000000000
166 120.78004475340607 31.58967729487382 -0.99261361360550 -0.00108020287007 3 2 0 0 3 3 3.50000000000000
167 120.78004807603865 31.58967317590214 -0.99182760715485 -0.00082570477389 3 2 0 0 3 3 3.50000000000000
168 120.78005137238667 31.58966909686405 -0.99118161201477 -0.00353963044472 3 2 0 0 3 3 3.50000000000000
169 120.78005459921150 31.58966510799372 -0.98986560106277 -0.00150083703920 3 2 0 0 3 3 3.50000000000000
170 120.78005771450654 31.58966124035461 -0.98925763368607 -0.00085083389422 3 2 0 0 3 3 3.50000000000000
171 120.78006116259867 31.58965701274796 -0.98873662948608 -0.00035162596032 3 2 0 0 3 3 3.50000000000000
172 120.78006424937593 31.58965321510632 -0.98821461200714 -0.00071686733281 3 2 0 0 3 3 3.50000000000000
173 120.78006762273134 31.58964904221462 -0.98789858818054 -0.00242310808972 3 2 0 0 3 3 3.50000000000000
174 120.78007085765789 31.58964506891374 -0.98737359046936 0.00019429824897 3 2 0 0 3 3 3.50000000000000
175 120.78007414406525 31.58964103185640 -0.98721361160278 -0.00195228168741 3 2 0 0 3 3 3.50000000000000
176 120.78007723247659 31.58963722992001 -0.98684358596802 -0.00037163274828 3 2 0 0 3 3 3.50000000000000
177 120.78008059636223 31.58963307617848 -0.98668164014816 0.00128088332713 3 2 0 0 3 3 3.50000000000000
178 120.78008424602736 31.58962858293329 -0.98672461509705 -0.00146035861690 3 2 0 0 3 3 3.50000000000000
179 120.78008766935362 31.58962434134189 -0.98693162202835 0.00252117821947 3 2 0 0 3 3 3.50000000000000
180 120.78009111896908 31.58962006804440 -0.98719060420990 0.00146160379518 3 2 0 0 3 3 3.50000000000000
181 120.78009434936853 31.58961607895530 -0.98759561777115 0.00064701633528 3 2 0 0 3 3 3.50000000000000
182 120.78009783192954 31.58961176456214 -0.98795258998871 0.00134491641074 3 2 0 0 3 3 3.50000000000000
183 120.78010132261538 31.58960743882697 -0.98848563432693 0.00142630189657 3 2 0 0 3 3 3.50000000000000
184 120.78010456713622 31.58960341609220 -0.98885059356689 0.00093430688139 3 2 0 0 3 3 3.50000000000000
185 120.78010755387830 31.58959969055659 -0.98946958780289 0.00090857077157 3 2 0 0 3 3 3.50000000000000
186 120.78011053202493 31.58959596658113 -0.99021363258362 0.00048434449127 3 2 0 0 3 3 3.50000000000000
187 120.78011375483302 31.58959194221595 -0.99092960357666 0.00045680991025 3 2 0 0 3 3 3.50000000000000
188 120.78011721249278 31.58958761431000 -0.99176758527756 0.00200575054623 3 2 0 0 3 3 3.50000000000000
189 120.78012066620302 31.58958331037789 -0.99194961786270 0.00018331881438 3 2 0 0 3 3 3.50000000000000
190 120.78012386776513 31.58957932167761 -0.99239963293076 0.00015741186508 3 2 0 0 3 3 3.50000000000000
191 120.78012728654049 31.58957504816330 -0.99269759654999 0.00084297399735 3 2 0 0 3 3 3.50000000000000
192 120.78013070650007 31.58957078172337 -0.99283862113953 0.00016874908761 3 2 0 0 3 3 3.50000000000000
193 120.78013386652158 31.58956683172451 -0.99321264028549 0.00048172450624 3 2 0 0 3 3 3.50000000000000
194 120.78013724894878 31.58956258563059 -0.99376159906387 0.00079366547288 3 2 0 0 3 3 3.50000000000000
195 120.78014062391817 31.58955834682744 -0.99419361352921 0.00043210652075 3 2 0 0 3 3 3.50000000000000
196 120.78014374909422 31.58955443431478 -0.99495261907578 0.00229602190666 3 2 0 0 3 3 3.50000000000000
197 120.78014708239706 31.58955021862048 -0.99545061588287 0.00243945047259 3 2 0 0 3 3 3.50000000000000
198 120.78015042513434 31.58954601468788 -0.99616760015488 0.00115758331958 3 2 0 0 3 3 3.50000000000000
199 120.78015352328634 31.58954211189156 -0.99680960178375 0.00143417983782 3 2 0 0 3 3 3.50000000000000
200 120.78015683079218 31.58953790229187 -0.99755960702896 0.00208243890665 3 2 0 0 3 3 3.50000000000000
201 120.78016014676736 31.58953371315105 -0.99806463718414 0.00137122219894 3 2 0 0 3 3 3.50000000000000
202 120.78016320881255 31.58952982774779 -0.99887263774872 0.00159034063108 3 2 0 0 3 3 3.50000000000000
203 120.78016648281610 31.58952566038033 -0.99904859066010 -0.00118912709877 3 2 0 0 3 3 3.50000000000000
204 120.78016950987417 31.58952180834841 -0.99908262491226 0.00033831375185 3 2 0 0 3 3 3.50000000000000
205 120.78017276692829 31.58951768095391 -0.99986261129379 0.00225717131980 3 2 0 0 3 3 3.50000000000000
206 120.78017599208653 31.58951357084056 -0.99997264146805 0.00231588073075 3 2 0 0 3 3 3.50000000000000
207 120.78017898136703 31.58950976939462 -1.00024461746216 0.00019790805527 3 2 0 0 3 3 3.50000000000000
208 120.78018219428918 31.58950569218638 -1.00063264369965 0.00118894863408 3 2 0 0 3 3 3.50000000000000
209 120.78018539613423 31.58950163038817 -1.00077366828918 -0.00155223498587 3 2 0 0 3 3 3.50000000000000
210 120.78018834867888 31.58949788572333 -1.00071358680725 -0.00050931388978 3 2 0 0 3 3 3.50000000000000
211 120.78019150935518 31.58949389422682 -1.00051259994507 -0.00110358220991 3 2 0 0 3 3 3.50000000000000
212 120.78019463152476 31.58948993382428 -1.00026965141296 -0.00052148790564 3 2 0 0 3 3 3.50000000000000
213 120.78019795130861 31.58948570800982 -1.00027561187744 -0.00081033195602 3 2 0 0 3 3 3.50000000000000
214 120.78020103273732 31.58948179306038 -1.00031065940857 -0.00007473852747 3 2 0 0 3 3 3.50000000000000
215 120.78020429811130 31.58947765592362 -1.00019264221191 -0.00212815660052 3 2 0 0 3 3 3.50000000000000
216 120.78020728461669 31.58947388203739 -0.99982362985611 -0.00044196494855 3 2 0 0 3 3 3.50000000000000
217 120.78021083503106 31.58946938496026 -0.99947863817215 -0.00057249015663 3 2 0 0 3 3 3.50000000000000
218 120.78021411067748 31.58946522417441 -0.99940663576126 -0.00059560476802 3 2 0 0 3 3 3.50000000000000
219 120.78021731761915 31.58946115888227 -0.99933862686157 0.00006201460201 3 2 0 0 3 3 3.50000000000000
220 120.78022026233236 31.58945742012587 -0.99901258945465 0.00070072937524 3 2 0 0 3 3 3.50000000000000
221 120.78022333306244 31.58945349966150 -0.99909263849258 -0.00051342335064 3 2 0 0 3 3 3.50000000000000
222 120.78022654756218 31.58944943422411 -0.99870860576630 0.00043348892359 3 2 0 0 3 3 3.50000000000000
223 120.78022984491380 31.58944529047388 -0.99842959642410 -0.00079680007184 3 2 0 0 3 3 3.50000000000000
224 120.78023308752981 31.58944116814892 -0.99860763549805 -0.00191883579828 3 2 0 0 3 3 3.50000000000000
225 120.78023618594203 31.58943725918675 -0.99835860729218 0.00194249709602 3 2 0 0 3 3 3.50000000000000
226 120.78023922693791 31.58943341371284 -0.99825459718704 0.00135658646468 3 2 0 0 3 3 3.50000000000000
227 120.78024234427933 31.58942945095103 -0.99864262342453 -0.00207167468034 3 2 0 0 3 3 3.50000000000000
228 120.78024527723744 31.58942569952382 -0.99832260608673 0.19345669448376 3 2 0 0 3 3 3.50000000000000
229 120.78024506823421 31.58942585214569 -0.99899560213089 -0.04440944269300 3 2 3 0 3 3 3.50000000000000
230 120.78024822917683 31.58942216440168 -0.99705362319946 -0.00509688165039 1 2 0 3 0 3 3.50000000000000
231 120.78025140801851 31.58941844418423 -0.98919063806534 -0.01390248350799 1 2 0 3 0 3 3.50000000000000
232 120.78025457652704 31.58941482434086 -0.98040962219238 -0.01603416912258 1 2 0 3 0 3 3.50000000000000
233 120.78025775078395 31.58941122017172 -0.97297763824463 -0.01400188636035 1 2 0 3 0 3 3.50000000000000
234 120.78026103314424 31.58940752555267 -0.96726262569427 -0.00977090932429 1 2 0 3 0 3 3.50000000000000
235 120.78026451618848 31.58940362329159 -0.96113163232803 -0.01194459572434 1 2 0 3 0 3 3.50000000000000
236 120.78026783772241 31.58939994061549 -0.95485961437225 -0.01208359375596 1 2 0 3 0 3 3.50000000000000
237 120.78027115305117 31.58939640766890 -0.94726258516312 -0.01655367761850 1 2 0 3 0 3 3.50000000000000
238 120.78027472602024 31.58939285230631 -0.93414258956909 -0.03773227334023 1 2 0 3 0 3 3.50000000000000
239 120.78027854917622 31.58938950976550 -0.90992259979248 -0.05627003684640 1 2 0 3 0 3 3.50000000000000
240 120.78028273519882 31.58938632647139 -0.87467062473297 -0.07435739785433 1 2 0 3 0 3 3.50000000000000
241 120.78028707353465 31.58938361017017 -0.82800960540771 -0.10472553968430 1 2 0 3 0 3 3.50000000000000
242 120.78029171957716 31.58938132623917 -0.77021360397339 -0.13466933369637 1 2 0 3 0 3 3.50000000000000
243 120.78029659596595 31.58937955087252 -0.69964659214020 -0.16267023980618 1 2 0 3 0 3 3.50000000000000
244 120.78030196078632 31.58937831760893 -0.61221861839294 -0.19386769831181 1 2 0 3 0 3 3.50000000000000
245 120.78030753345588 31.58937772959369 -0.51314258575439 -0.21170435845852 1 2 0 3 0 3 3.50000000000000
246 120.78031299323632 31.58937773567537 -0.41075560450554 -0.22395096719265 1 2 0 3 0 3 3.50000000000000
247 120.78031844228782 31.58937833268509 -0.30287462472916 -0.23743364214897 1 2 0 3 0 3 3.50000000000000
248 120.78032383205402 31.58937954224301 -0.18819361925125 -0.24392716586590 1 2 0 3 0 3 3.50000000000000
249 120.78032900718416 31.58938134818880 -0.06976760923862 -0.24835859239101 1 2 0 3 0 3 3.50000000000000
250 120.78033374136670 31.58938357115272 0.04480538889766 -0.25018322467804 1 2 0 3 0 3 3.50000000000000
251 120.78033829061746 31.58938636378970 0.16526938974857 -0.25172281265259 1 2 0 3 0 3 3.50000000000000
252 120.78034226836147 31.58938932609001 0.27525338530540 -0.23093900084496 1 2 0 3 0 3 3.50000000000000
253 120.78034589472252 31.58939263102250 0.38205739855766 -0.23041214048862 1 2 0 3 0 3 3.50000000000000
254 120.78034931502302 31.58939634087350 0.49095639586449 -0.21854382753372 1 2 0 3 0 3 3.50000000000000
255 120.78035228519862 31.58940015254059 0.59100240468979 -0.20109049975872 1 2 0 3 0 3 3.50000000000000
256 120.78035498086611 31.58940415830288 0.68462538719177 -0.19262641668320 1 2 0 3 0 3 3.50000000000000
257 120.78035738177378 31.58940834575457 0.77493536472321 -0.18400284647942 1 2 0 3 0 3 3.50000000000000
258 120.78035937658129 31.58941257253118 0.85952639579773 -0.17213951051235 1 2 0 3 0 3 3.50000000000000
259 120.78036115026809 31.58941710488549 0.94404441118240 -0.16299885511398 1 2 0 3 0 3 3.50000000000000
260 120.78036247818484 31.58942151468492 1.02149438858032 -0.15986131131649 1 2 0 3 0 3 3.50000000000000
261 120.78036340552592 31.58942595937017 1.09717142581940 -0.16087798774242 1 2 0 3 0 3 3.50000000000000
262 120.78036403685249 31.58943075014818 1.17658042907715 -0.15615373849869 1 2 0 3 0 3 3.50000000000000
263 120.78036421072078 31.58943532282602 1.25007343292236 -0.15818296372890 1 2 0 3 0 3 3.50000000000000
264 120.78036395668563 31.58944019086647 1.32901835441589 -0.15863806009293 1 2 0 3 0 3 3.50000000000000
265 120.78036327171138 31.58944495605786 1.40649437904358 -0.15484631061554 1 2 0 3 0 3 3.50000000000000
266 120.78036212769750 31.58944976221717 1.48556137084961 -0.15438772737980 1 2 0 3 0 3 3.50000000000000
267 120.78036063681358 31.58945437064123 1.56022834777832 -0.15116026997566 1 2 0 3 0 3 3.50000000000000
268 120.78035890079107 31.58945871214417 1.62895643711090 -0.14138856530190 1 2 0 3 0 3 3.50000000000000
269 120.78035676829981 31.58946306673450 1.69890439510345 -0.14131589233875 1 2 0 3 0 3 3.50000000000000
270 120.78035426018067 31.58946741264931 1.76714444160461 -0.12759329378605 1 2 0 3 0 3 3.50000000000000
271 120.78035156915138 31.58947158998738 1.83094239234924 -0.12562629580498 1 2 0 3 0 3 3.50000000000000
272 120.78034851744941 31.58947566834620 1.89503836631775 -0.12723451852798 1 2 0 3 0 3 3.50000000000000
273 120.78034542745365 31.58947936580405 1.95384836196899 -0.11985362321138 1 2 0 3 0 3 3.50000000000000
274 120.78034205677294 31.58948316132699 2.00606131553650 -0.09259299188852 1 2 0 3 0 3 3.50000000000000
275 120.78033892973127 31.58948687819902 2.04107332229614 -0.04931446909904 1 2 0 3 0 3 3.50000000000000
276 120.78033723268523 31.58948953207852 2.05270934104919 0.02335084229708 1 2 3 3 0 3 3.50000000000000
277 120.78033415699247 31.58949322620264 2.06046843528748 -0.01087911985815 10 5 0 3 3 1 3.50000000000000
278 120.78033128728880 31.58949705327571 2.06841945648193 -0.01767161302269 10 5 0 3 3 1 3.50000000000000
279 120.78032852839689 31.58950090055133 2.07283139228821 -0.00538153620437 10 5 0 3 3 1 3.50000000000000
280 120.78032571917032 31.58950483014121 2.07581329345703 -0.00623878836632 10 5 0 3 3 1 3.50000000000000
281 120.78032279037558 31.58950888857408 2.07959938049316 -0.00718783866614 10 5 0 3 3 1 3.50000000000000
282 120.78031999050592 31.58951272948448 2.08337235450745 -0.00703311339021 10 5 0 3 3 1 3.50000000000000
283 120.78031715884273 31.58951658839266 2.08710646629333 -0.00950504373759 10 5 0 3 3 1 3.50000000000000
284 120.78031421896286 31.58952052755174 2.09115338325500 -0.00618646061048 10 5 0 3 3 1 3.50000000000000
285 120.78031109097675 31.58952460186879 2.09588527679443 -0.00736258784309 10 5 0 3 3 1 3.50000000000000
286 120.78030815534774 31.58952836512139 2.10004043579102 -0.00871331524104 10 5 0 3 3 1 3.50000000000000
287 120.78030528432944 31.58953215427122 2.10286545753479 -0.00339359813370 10 5 0 3 3 1 3.50000000000000
288 120.78030242633926 31.58953595991791 2.10456943511963 0.00032005406683 10 5 0 3 3 1 3.50000000000000
289 120.78029924550216 31.58954018558209 2.10549640655518 -0.00168956466950 10 5 0 3 3 1 3.50000000000000
290 120.78029630025152 31.58954406925687 2.10525035858154 0.00106583733577 10 5 0 3 3 1 3.50000000000000
291 120.78029304641608 31.58954831731559 2.10638046264648 0.00005429383236 10 5 0 3 3 1 3.50000000000000
292 120.78028987928442 31.58955244898398 2.10688042640686 -0.00092849752400 10 5 0 3 3 1 3.50000000000000
293 120.78028683299405 31.58955645303181 2.10846948623657 -0.00299875345081 10 5 0 3 3 1 3.50000000000000
294 120.78028388884763 31.58956025454954 2.11014246940613 -0.00279678707011 10 5 0 3 3 1 3.50000000000000
295 120.78028061411314 31.58956442496443 2.11195635795593 -0.00006806541933 10 5 0 3 3 1 3.50000000000000
296 120.78027747445958 31.58956839597021 2.11365342140198 -0.00290247355588 10 5 0 3 3 1 3.50000000000000
297 120.78027422993554 31.58957242388601 2.11612939834595 -0.00063274230342 10 5 0 3 3 1 3.50000000000000
298 120.78027116192159 31.58957626569303 2.11807942390442 -0.00122753821779 10 5 0 3 3 1 3.50000000000000
299 120.78026777756814 31.58958048206521 2.12001228332520 -0.00254395068623 10 5 0 3 3 1 3.50000000000000
300 120.78026434465524 31.58958477435631 2.12216448783875 -0.00228442670777 10 5 0 3 3 1 3.50000000000000
301 120.78026113520993 31.58958882707731 2.12382245063782 -0.00274626351893 10 5 0 3 3 1 3.50000000000000
302 120.78025812636973 31.58959257685217 2.12567543983459 -0.00354780443013 10 5 0 3 3 1 3.50000000000000
303 120.78025511830786 31.58959629538426 2.12767434120178 -0.00210385699756 10 5 0 3 3 1 3.50000000000000
304 120.78025185559081 31.58960030651955 2.12961530685425 -0.00308617646806 10 5 0 3 3 1 3.50000000000000
305 120.78024832418352 31.58960458972663 2.13190031051636 -0.00313298078254 10 5 0 3 3 1 3.50000000000000
306 120.78024480800597 31.58960884482272 2.13407444953918 -0.00245708646253 10 5 0 3 3 1 3.50000000000000
307 120.78024156897855 31.58961277226658 2.13607430458069 -0.00339989247732 10 5 0 3 3 1 3.50000000000000
308 120.78023808307520 31.58961696891959 2.13793349266052 -0.00151980342343 10 5 0 3 3 1 3.50000000000000
309 120.78023461797275 31.58962114484045 2.13957333564758 -0.00194783078041 10 5 0 3 3 1 3.50000000000000
310 120.78023142386576 31.58962499019626 2.14075040817261 -0.00186298100743 10 5 0 3 3 1 3.50000000000000
311 120.78022800835222 31.58962911384049 2.14166235923767 -0.00062218878884 10 5 0 3 3 1 3.50000000000000
312 120.78022485508559 31.58963291771277 2.14279747009277 -0.00045005200082 10 5 0 3 3 1 3.50000000000000
313 120.78022148729451 31.58963698772305 2.14367127418518 -0.00020661693998 10 5 0 3 3 1 3.50000000000000
314 120.78021813900622 31.58964101778716 2.14479446411133 -0.00169410766102 10 5 0 3 3 1 3.50000000000000
315 120.78021508212142 31.58964472451891 2.14567542076111 -0.00135015556589 10 5 0 3 3 1 3.50000000000000
316 120.78021182203319 31.58964865296511 2.14626336097717 -0.00019632870681 10 5 0 3 3 1 3.50000000000000
317 120.78020860877804 31.58965251606954 2.14698028564453 -0.00039012636989 10 5 0 3 3 1 3.50000000000000
318 120.78020526118186 31.58965654345356 2.14798736572266 -0.00086625106633 10 5 0 3 3 1 3.50000000000000
319 120.78020181535332 31.58966067599598 2.14884948730469 -0.00126868777443 10 5 0 3 3 1 3.50000000000000
320 120.78019850106909 31.58966461641796 2.14949440956116 -0.00151551840827 10 5 0 3 3 1 3.50000000000000
321 120.78019515661194 31.58966859819097 2.15066647529602 -0.00049650028814 10 5 0 3 3 1 3.50000000000000
322 120.78019180463563 31.58967258529336 2.15170931816101 -0.00226404634304 10 5 0 3 3 1 3.50000000000000
323 120.78018845972160 31.58967657091853 2.15279030799866 -0.00098374485970 10 5 0 3 3 1 3.50000000000000
324 120.78018506018037 31.58968061724535 2.15392446517944 -0.00104928365909 10 5 0 3 3 1 3.50000000000000
325 120.78018187725822 31.58968440486633 2.15432548522949 -0.00014601090515 10 5 0 3 3 1 3.50000000000000
326 120.78017857052457 31.58968834665151 2.15464639663696 -0.00032020889921 10 5 0 3 3 1 3.50000000000000
327 120.78017545069578 31.58969204849733 2.15490031242371 -0.00049634528114 10 5 0 3 3 1 3.50000000000000
328 120.78017222097745 31.58969589037473 2.15491628646851 0.00242547923699 10 5 0 3 3 1 3.50000000000000
329 120.78016892190590 31.58969987250293 2.15386033058167 0.00464207446203 10 5 0 3 3 1 3.50000000000000
330 120.78016585981693 31.58970361560946 2.15278840065002 0.00658324500546 10 5 0 3 3 1 3.50000000000000
331 120.78016276924136 31.58970739348484 2.15136933326721 0.00289555871859 10 5 0 3 3 1 3.50000000000000
332 120.78015958374550 31.58971131629820 2.14968848228455 0.00252126972191 10 5 0 3 3 1 3.50000000000000
333 120.78015655348358 31.58971510140562 2.14862847328186 0.00126931187697 10 5 0 3 3 1 3.50000000000000
334 120.78015349092004 31.58971894056480 2.14743542671204 -0.00029805052327 10 5 0 3 3 1 3.50000000000000
335 120.78015041884821 31.58972281124273 2.14630627632141 0.00157545926049 10 5 0 3 3 1 3.50000000000000
336 120.78014741302952 31.58972660511914 2.14523744583130 0.00221837963909 10 5 0 3 3 1 3.50000000000000
