Id Lon Lat heading curvature mode SpeedMode EventMode OppositeSideMode LaneNum LaneSeq LaneWidth
0 120.77501655114187 31.58912480971913 2.31391739845276 0.07290643453598 10 5 0 0 3 1 3.50000000000000
1 120.77501288675425 31.58912818076945 2.31513547897339 0.00291680288501 10 5 0 0 3 1 3.50000000000000
2 120.77500913456768 31.58913156048868 2.31518030166626 0.00073991058161 10 5 0 0 3 1 3.50000000000000
3 120.77500548518886 31.58913489267664 2.31393337249756 0.00548614282161 10 5 0 0 3 1 3.50000000000000
4 120.77500173121339 31.58913835437912 2.31095027923584 0.00848006922752 10 5 0 0 3 1 3.50000000000000
5 120.77499811930825 31.58914169525043 2.30819129943848 0.00609150994569 10 5 0 0 3 1 3.50000000000000
6 120.77499450251553 31.58914506240251 2.30529332160950 0.00732286693528 10 5 0 0 3 1 3.50000000000000
7 120.77499068778100 31.58914863516042 2.30233430862427 0.00461246119812 10 5 0 0 3 1 3.50000000000000
8 120.77498688508150 31.58915221762669 2.29918932914734 0.00822432991117 10 5 0 0 3 1 3.50000000000000
9 120.77498302340862 31.58915581643794 2.29545545578003 0.00791153684258 10 5 0 0 3 1 3.50000000000000
10 120.77497922252975 31.58915941629446 2.29187941551208 0.00592044740915 10 5 0 0 3 1 3.50000000000000
11 120.77497548897520 31.58916301441624 2.28819537162781 0.00817264523357 10 5 0 0 3 1 3.50000000000000
12 120.77497181614936 31.58916655013421 2.28461527824402 0.00723231583834 10 5 0 0 3 1 3.50000000000000
13 120.77496818754381 31.58917006427680 2.28132033348083 0.00620817439631 10 5 0 0 3 1 3.50000000000000
14 120.77496465432013 31.58917354959824 2.27754139900208 0.00437259720638 10 5 0 0 3 1 3.50000000000000
15 120.77496087363059 31.58917730251102 2.27409338951111 0.00789689924568 10 5 0 0 3 1 3.50000000000000
16 120.77495719096794 31.58918097008254 2.27131438255310 0.00519943004474 10 5 0 0 3 1 3.50000000000000
17 120.77495363116329 31.58918451844569 2.26824927330017 0.00432164315134 10 5 0 0 3 1 3.50000000000000
18 120.77494983463289 31.58918829638879 2.26615238189697 0.00523279095069 10 5 0 0 3 1 3.50000000000000
19 120.77494617621481 31.58919198424427 2.26330137252808 0.00248098094016 10 5 0 0 3 1 3.50000000000000
20 120.77494264260618 31.58919554207706 2.26127529144287 0.00499029224738 10 5 0 0 3 1 3.50000000000000
21 120.77493886837006 31.58919934810729 2.25905847549438 0.00166798767168 10 5 0 0 3 1 3.50000000000000
22 120.77493540691835 31.58920285649165 2.25653338432312 0.00579733820632 10 5 0 0 3 1 3.50000000000000
23 120.77493170564637 31.58920661947178 2.25498628616333 0.00148354109842 10 5 0 0 3 1 3.50000000000000
24 120.77492813272309 31.58921024541647 2.25298428535461 0.00136853847653 10 5 0 0 3 1 3.50000000000000
25 120.77492472010186 31.58921372014153 2.25112128257751 0.00318367942236 10 5 0 0 3 1 3.50000000000000
26 120.77492103251150 31.58921746619830 2.24966645240784 -0.00002170749758 10 5 0 0 3 1 3.50000000000000
27 120.77491733398730 31.58922127675363 2.24849033355713 0.00454526860267 10 5 0 0 3 1 3.50000000000000
28 120.77491383129792 31.58922485622434 2.24813842773438 0.00118524197023 10 5 0 0 3 1 3.50000000000000
29 120.77491015904194 31.58922857135394 2.24706149101257 -0.00028345931787 10 5 0 0 3 1 3.50000000000000
30 120.77490651744566 31.58923227853599 2.24663448333740 0.00180813984480 10 5 0 0 3 1 3.50000000000000
31 120.77490310003313 31.58923574184505 2.24647545814514 -0.00134464481380 10 5 0 0 3 1 3.50000000000000
32 120.77489951514247 31.58923936837832 2.24619626998901 0.00262217759155 10 5 0 0 3 1 3.50000000000000
33 120.77489577774740 31.58924314870108 2.24697136878967 -0.00188157416414 10 5 0 0 3 1 3.50000000000000
34 120.77489225936908 31.58924669690940 2.24735832214355 -0.00143894774374 10 5 0 0 3 1 3.50000000000000
35 120.77488874720218 31.58925023072345 2.24835133552551 0.00028537234175 10 5 0 0 3 1 3.50000000000000
36 120.77488502661814 31.58925394585247 2.24950647354126 -0.00254667550325 10 5 0 0 3 1 3.50000000000000
37 120.77488151410090 31.58925745003473 2.25040650367737 -0.00208593206480 10 5 0 0 3 1 3.50000000000000
38 120.77487784756121 31.58926112472652 2.25136828422546 0.00208171247505 10 5 0 0 3 1 3.50000000000000
39 120.77487434947730 31.58926458805449 2.25270628929138 -0.00452722376212 10 5 0 0 3 1 3.50000000000000
40 120.77487068171041 31.58926823299587 2.25357937812805 -0.00062827224610 10 5 0 0 3 1 3.50000000000000
41 120.77486722175311 31.58927167294155 2.25471138954163 -0.00072035467019 10 5 0 0 3 1 3.50000000000000
42 120.77486378965979 31.58927509856734 2.25552034378052 -0.00245976308361 10 5 0 0 3 1 3.50000000000000
43 120.77486018563324 31.58927869976559 2.25625228881836 -0.00046343353461 10 5 0 0 3 1 3.50000000000000
44 120.77485639151163 31.58928247601612 2.25690937042236 -0.00069781648926 10 5 0 0 3 1 3.50000000000000
45 120.77485280162479 31.58928605486773 2.25720143318176 -0.00338375102729 10 5 0 0 3 1 3.50000000000000
46 120.77484901161444 31.58928980238962 2.25787448883057 -0.00187866296619 10 5 0 0 3 1 3.50000000000000
47 120.77484505849716 31.58929371624862 2.25858545303345 0.00094619352603 10 5 0 0 3 1 3.50000000000000
48 120.77484129773005 31.58929743384736 2.25934839248657 -0.00337663665414 10 5 0 0 3 1 3.50000000000000
49 120.77483737392139 31.58930133216918 2.26051545143127 0.00036936660763 10 5 0 0 3 1 3.50000000000000
50 120.77483362011141 31.58930502302539 2.26153135299683 -0.00187469995581 10 5 0 0 3 1 3.50000000000000
51 120.77482987867816 31.58930870267341 2.26229143142700 -0.00405392749235 10 5 0 0 3 1 3.50000000000000
52 120.77482634237809 31.58931218505542 2.26336336135864 -0.00302738323808 10 5 0 0 3 1 3.50000000000000
53 120.77482263561819 31.58931581097227 2.26418733596802 -0.00145358673763 10 5 0 0 3 1 3.50000000000000
54 120.77481915680887 31.58931920798931 2.26479935646057 -0.00136866501998 10 5 0 0 3 1 3.50000000000000
55 120.77481555812111 31.58932268647037 2.26598429679871 -0.00213460577652 10 5 0 0 3 1 3.50000000000000
56 120.77481181807249 31.58932631099989 2.26679444313049 -0.00090372998966 10 5 0 0 3 1 3.50000000000000
57 120.77480826024930 31.58932977962665 2.26722240447998 -0.00143981270958 10 5 0 0 3 1 3.50000000000000
58 120.77480458511207 31.58933337333850 2.26825428009033 -0.00156407814939 10 5 0 0 3 1 3.50000000000000
59 120.77480077577000 31.58933709450183 2.26872038841248 -0.00108383945189 10 5 0 0 3 1 3.50000000000000
60 120.77479718655272 31.58934062197686 2.26845932006836 0.00162869936321 10 5 0 0 3 1 3.50000000000000
61 120.77479330450402 31.58934442366747 2.26878237724304 0.00137181824539 10 5 0 0 3 1 3.50000000000000
62 120.77478965661571 31.58934798068533 2.26848745346069 0.00243823858909 10 5 0 0 3 1 3.50000000000000
63 120.77478593562147 31.58935165949628 2.26721549034119 0.00093158264644 10 5 0 0 3 1 3.50000000000000
64 120.77478248674383 31.58935513299985 2.26574540138245 0.00169449474197 10 5 0 0 3 1 3.50000000000000
65 120.77477901016250 31.58935862984366 2.26415634155273 0.00342841842212 10 5 0 0 3 1 3.50000000000000
66 120.77477560083037 31.58936209750101 2.26221442222595 0.00348166306503 10 5 0 0 3 1 3.50000000000000
67 120.77477213189205 31.58936560232345 2.26022934913635 0.00629484839737 10 5 0 0 3 1 3.50000000000000
68 120.77476860803583 31.58936915838835 2.25892639160156 0.00193137268070 10 5 0 0 3 1 3.50000000000000
69 120.77476509003233 31.58937271138009 2.25739741325378 0.00053529592697 10 5 0 0 3 1 3.50000000000000
70 120.77476158404887 31.58937625991042 2.25633049011230 0.00240570725873 10 5 0 0 3 1 3.50000000000000
71 120.77475814890801 31.58937972160084 2.25543045997620 0.01605069078505 10 5 0 0 3 1 3.50000000000000
72 120.77475487549567 31.58938326268385 2.25400137901306 0.00468202121556 10 5 0 2 3 1 3.50000000000000
73 120.77475144593191 31.58938671527695 2.25344133377075 -0.00347078614868 10 5 0 2 3 1 3.50000000000000
74 120.77474791883587 31.58939030822304 2.25267338752747 -0.00097070436459 10 5 0 2 3 1 3.50000000000000
75 120.77474445921071 31.58939377151017 2.25219941139221 -0.00318938889541 10 5 0 2 3 1 3.50000000000000
76 120.77474087519002 31.58939742761111 2.25158548355103 0.00109138328116 10 5 0 2 3 1 3.50000000000000
77 120.77473727868536 31.58940103885865 2.25135350227356 -0.00202940404415 10 5 0 2 3 1 3.50000000000000
78 120.77473373342694 31.58940464604042 2.25103831291199 -0.00296837021597 10 5 0 2 3 1 3.50000000000000
79 120.77473003508403 31.58940836948736 2.25053739547729 0.00031736318488 10 5 0 2 3 1 3.50000000000000
80 120.77472654789325 31.58941188276907 2.25006842613220 0.00119488919154 10 5 0 2 3 1 3.50000000000000
81 120.77472300028224 31.58941537067724 2.24997639656067 0.00181859440636 10 5 0 2 3 1 3.50000000000000
82 120.77471948971476 31.58941887614593 2.24969244003296 -0.00007367754006 10 5 0 2 3 1 3.50000000000000
83 120.77471602515236 31.58942233074485 2.24946832656860 0.00023407746630 10 5 0 2 3 1 3.50000000000000
84 120.77471226742956 31.58942611443421 2.24922132492065 0.00098552566487 10 5 0 2 3 1 3.50000000000000
85 120.77470856133600 31.58942983052696 2.24908947944641 0.00035042635864 10 5 0 2 3 1 3.50000000000000
86 120.77470496517280 31.58943346278377 2.24887943267822 0.00035581667908 10 5 0 2 3 1 3.50000000000000
87 120.77470107801614 31.58943740863674 2.24843740463257 -0.00039279047633 10 5 0 2 3 1 3.50000000000000
88 120.77469732322827 31.58944124555305 2.24821734428406 0.00144481868483 10 5 0 2 3 1 3.50000000000000
89 120.77469391751686 31.58944472339712 2.24786329269409 -0.00164952024352 10 5 0 2 3 1 3.50000000000000
90 120.77469024365169 31.58944847098782 2.24746537208557 0.00045963918092 10 5 0 2 3 1 3.50000000000000
91 120.77468675162811 31.58945206610990 2.24726438522339 0.00066690141102 10 5 0 2 3 1 3.50000000000000
92 120.77468322011667 31.58945568778533 2.24665427207947 -0.00022614271438 10 5 0 2 3 1 3.50000000000000
93 120.77467943801956 31.58945955537391 2.24627733230591 0.00166072032880 10 5 0 2 3 1 3.50000000000000
94 120.77467586275733 31.58946320906483 2.24600648880005 0.00261163245887 10 5 0 2 3 1 3.50000000000000
95 120.77467207512252 31.58946711016451 2.24578833580017 0.00004921231084 10 5 0 2 3 1 3.50000000000000
96 120.77466848410694 31.58947077616608 2.24513339996338 -0.00015535834245 10 5 0 2 3 1 3.50000000000000
97 120.77466490950975 31.58947444614399 2.24455332756042 0.00280229910277 10 5 0 2 3 1 3.50000000000000
98 120.77466114607394 31.58947835901557 2.24429845809937 -0.00053443788784 10 5 0 2 3 1 3.50000000000000
99 120.77465759417517 31.58948202333123 2.24354243278503 0.00169292557985 10 5 0 2 3 1 3.50000000000000
100 120.77465404526936 31.58948567694412 2.24313735961914 0.00089585804380 10 5 0 2 3 1 3.50000000000000
101 120.77465027933897 31.58948955990733 2.24258446693420 -0.00046262834803 10 5 0 2 3 1 3.50000000000000
102 120.77464672745731 31.58949322675505 2.24238348007202 0.00164436339401 10 5 0 2 3 1 3.50000000000000
103 120.77464297510625 31.58949710527723 2.24158835411072 0.00140802958049 10 5 0 2 3 1 3.50000000000000
104 120.77463944909564 31.58950074086411 2.24117946624756 0.00197653565556 10 5 0 2 3 1 3.50000000000000
105 120.77463592045197 31.58950434270551 2.24095129966736 0.00266449549235 10 5 0 2 3 1 3.50000000000000
106 120.77463220450312 31.58950815157730 2.24052238464355 0.00044938022620 10 5 0 2 3 1 3.50000000000000
107 120.77462870196881 31.58951175258468 2.24028944969177 -0.00105055142194 10 5 0 2 3 1 3.50000000000000
108 120.77462499753771 31.58951558872658 2.24000334739685 0.00168510794174 10 5 0 2 3 1 3.50000000000000
109 120.77462153519248 31.58951917090186 2.23932147026062 0.00027800936368 10 5 0 2 3 1 3.50000000000000
110 120.77461806074088 31.58952274482700 2.23970937728882 -0.00138768309262 10 5 0 2 3 1 3.50000000000000
111 120.77461436131289 31.58952650845358 2.24085450172424 -0.00239623151720 10 5 0 2 3 1 3.50000000000000
112 120.77461089660267 31.58952999836300 2.24152231216431 -0.00113097880967 10 5 0 2 3 1 3.50000000000000
113 120.77460744434447 31.58953343879126 2.24289345741272 -0.00198793387972 10 5 0 2 3 1 3.50000000000000
114 120.77460358946571 31.58953728363953 2.24414634704590 -0.00155382347293 10 5 0 2 3 1 3.50000000000000
115 120.77459996576476 31.58954088113604 2.24524235725403 -0.00116282084491 10 5 0 2 3 1 3.50000000000000
116 120.77459615157463 31.58954466447436 2.24671030044556 -0.00264807627536 10 5 0 2 3 1 3.50000000000000
117 120.77459234486700 31.58954840277996 2.24831247329712 -0.00150699075311 10 5 0 2 3 1 3.50000000000000
118 120.77458878145025 31.58955191199285 2.25020146369934 -0.00484405597672 10 5 0 2 3 1 3.50000000000000
119 120.77458501973884 31.58955562241404 2.25221633911133 -0.00298468256369 10 5 0 2 3 1 3.50000000000000
120 120.77458147788813 31.58955909953661 2.25420427322388 -0.00395542243496 10 5 0 2 3 1 3.50000000000000
121 120.77457774184765 31.58956274789567 2.25573348999023 -0.00261647906154 10 5 0 2 3 1 3.50000000000000
122 120.77457426845480 31.58956618975724 2.25745439529419 -0.00397986173630 10 5 0 2 3 1 3.50000000000000
123 120.77457061798547 31.58956979742810 2.25911045074463 -0.00252936570905 10 5 0 2 3 1 3.50000000000000
124 120.77456697561333 31.58957334749455 2.26075243949890 -0.00214919564314 10 5 0 2 3 1 3.50000000000000
125 120.77456315633233 31.58957708313051 2.26213836669922 -0.00144758028910 10 5 0 2 3 1 3.50000000000000
126 120.77455957217413 31.58958056053563 2.26375341415405 -0.00182382715866 10 5 0 2 3 1 3.50000000000000
127 120.77455581910525 31.58958421353423 2.26486849784851 0.00120442057960 10 5 0 2 3 1 3.50000000000000
128 120.77455229043012 31.58958764784770 2.26551842689514 -0.00237697549164 10 5 0 2 3 1 3.50000000000000
129 120.77454857988910 31.58959124244032 2.26652145385742 -0.00254618609324 10 5 0 2 3 1 3.50000000000000
130 120.77454510012826 31.58959463300304 2.26713228225708 -0.00114037061576 10 5 0 2 3 1 3.50000000000000
131 120.77454161175335 31.58959805848655 2.26752543449402 -0.00271327677183 10 5 0 2 3 1 3.50000000000000
132 120.77453793371657 31.58960164451387 2.26829528808594 -0.00020843953826 10 5 0 2 3 1 3.50000000000000
133 120.77453406275053 31.58960540216674 2.26887631416321 -0.00231327931397 10 5 0 2 3 1 3.50000000000000
134 120.77453056708744 31.58960879204027 2.26945328712463 0.00024752056925 10 5 0 2 3 1 3.50000000000000
135 120.77452688997217 31.58961237037831 2.26963949203491 -0.00151379976887 10 5 0 2 3 1 3.50000000000000
136 120.77452338556796 31.58961576669080 2.26980948448181 0.00174298300408 10 5 0 2 3 1 3.50000000000000
137 120.77451968023286 31.58961936556357 2.27024650573730 0.00139631319325 10 5 0 2 3 1 3.50000000000000
138 120.77451619815005 31.58962277090004 2.27023243904114 -0.00139150535688 10 5 0 2 3 1 3.50000000000000
139 120.77451254096778 31.58962631902349 2.27092242240906 -0.00145483971573 10 5 0 2 3 1 3.50000000000000
140 120.77450874774357 31.58963002804887 2.27107739448547 -0.00198995275423 10 5 0 2 3 1 3.50000000000000
141 120.77450518711441 31.58963349803754 2.27083730697632 -0.00003004392420 10 5 0 2 3 1 3.50000000000000
142 120.77450147554124 31.58963710542422 2.27151727676392 0.00058263540268 10 5 0 2 3 1 3.50000000000000
143 120.77449781950125 31.58964066103142 2.27173638343811 -0.00124868366402 10 5 0 2 3 1 3.50000000000000
144 120.77449403545545 31.58964435301172 2.27156138420105 0.00052440637955 10 5 0 2 3 1 3.50000000000000
145 120.77449045518478 31.58964782915466 2.27242541313171 0.00342475320213 10 5 0 2 3 1 3.50000000000000
146 120.77448681223015 31.58965139107012 2.27266836166382 -0.00280939694494 10 5 0 2 3 1 3.50000000000000
147 120.77448317656679 31.58965492872576 2.27300548553467 -0.00139272527304 10 5 0 2 3 1 3.50000000000000
148 120.77447964790342 31.58965830847853 2.27403736114502 -0.00191206391901 10 5 0 2 3 1 3.50000000000000
149 120.77447605984246 31.58966175931500 2.27450132369995 -0.00187064812053 10 5 0 2 3 1 3.50000000000000
150 120.77447236587642 31.58966530334124 2.27496743202209 0.00026487113792 10 5 0 2 3 1 3.50000000000000
151 120.77446871948936 31.58966876513121 2.27586841583252 -0.00090725388145 10 5 0 2 3 1 3.50000000000000
152 120.77446512157255 31.58967222930446 2.27627635002136 -0.00335880531929 10 5 0 2 3 1 3.50000000000000
153 120.77446150223058 31.58967567889885 2.27670145034790 -0.00240889354609 10 5 0 2 3 1 3.50000000000000
154 120.77445791137059 31.58967909972334 2.27728533744812 0.00082894240040 10 5 0 2 3 1 3.50000000000000
155 120.77445427537519 31.58968252511387 2.27793931961060 -0.00829336233437 10 5 0 2 3 1 3.50000000000000
156 120.77445072721879 31.58968586501471 2.27823543548584 -0.00314215640537 10 5 0 2 3 1 3.50000000000000
157 120.77444711048184 31.58968919468455 2.27753138542175 -0.00834931712598 3 5 0 2 3 1 3.50000000000000
158 120.77444345434529 31.58969261107158 2.27716732025146 -0.00004478431219 3 5 0 2 3 1 3.50000000000000
159 120.77443989429976 31.58969601312468 2.27674627304077 0.00058314244961 3 5 0 2 3 1 3.50000000000000
160 120.77443612897906 31.58969960007615 2.27600646018982 -0.00750961806625 3 5 0 2 3 1 3.50000000000000
161 120.77443253151110 31.58970302807488 2.27552247047424 -0.00071501435013 3 5 0 2 3 1 3.50000000000000
162 120.77442882668728 31.58970659171857 2.27478432655334 0.00010895836022 3 5 0 2 3 1 3.50000000000000
163 120.77442522716807 31.58971005725419 2.27398443222046 0.00325724412687 3 5 0 2 3 1 3.50000000000000
164 120.77442159637684 31.58971354075843 2.27365040779114 -0.00203436077572 3 5 0 2 3 1 3.50000000000000
165 120.77441787567673 31.58971716791845 2.27286648750305 -0.00081441656221 3 5 0 2 3 1 3.50000000000000
166 120.77441434735164 31.58972060796529 2.27143049240112 0.00063837436028 3 5 0 2 3 1 3.50000000000000
167 120.77441082044152 31.58972408514926 2.27010250091553 0.00228931941092 3 5 0 2 3 1 3.50000000000000
168 120.77440729694889 31.58972756548880 2.26884937286377 0.00535412691534 3 5 0 2 3 1 3.50000000000000
169 120.77440379764643 31.58973105832332 2.26740932464600 0.00440063700080 3 5 0 2 3 1 3.50000000000000
170 120.77440032046084 31.58973448654070 2.26603746414185 0.00451377732679 3 5 0 2 3 1 3.50000000000000
171 120.77439654655258 31.58973819418321 2.26520037651062 -0.00255384505726 3 5 0 2 3 1 3.50000000000000
172 120.77439285219914 31.58974181134446 2.26407146453857 0.00137766252737 3 5 0 2 3 1 3.50000000000000
173 120.77438926546067 31.58974531960394 2.26318335533142 0.00231536896899 3 5 0 2 3 1 3.50000000000000
174 120.77438580032771 31.58974872183565 2.26234149932861 0.00351224071346 3 5 0 2 3 1 3.50000000000000
175 120.77438211075484 31.58975238162172 2.26138329505920 0.00365236727521 3 5 0 2 3 1 3.50000000000000
176 120.77437855731839 31.58975590568740 2.26083445549011 -0.00009310252062 3 5 0 2 3 1 3.50000000000000
177 120.77437476263228 31.58975968915356 2.26043939590454 0.00193729088642 3 5 0 2 3 1 3.50000000000000
178 120.77437107173208 31.58976332716311 2.26064133644104 0.00009533292177 3 5 0 2 3 1 3.50000000000000
179 120.77436749047196 31.58976677486733 2.26115846633911 -0.00102839164902 3 5 0 2 3 1 3.50000000000000
180 120.77436386600229 31.58977029388154 2.26177549362183 -0.00204951129854 3 5 0 2 3 1 3.50000000000000
181 120.77436000413417 31.58977406693245 2.26243138313293 -0.00372226280160 3 5 0 2 3 1 3.50000000000000
182 120.77435628058922 31.58977772244527 2.26249527931213 -0.00126318237744 3 5 0 2 3 1 3.50000000000000
183 120.77435266526943 31.58978119984961 2.26316332817078 -0.00098492007237 3 5 0 2 3 1 3.50000000000000
184 120.77434884146618 31.58978490722152 2.26377439498901 -0.00278385519050 3 5 0 2 3 1 3.50000000000000
185 120.77434501112937 31.58978861971700 2.26434350013733 0.00084324460477 3 5 0 2 3 1 3.50000000000000
186 120.77434136808661 31.58979212843128 2.26507139205933 0.00015051157970 3 5 0 2 3 1 3.50000000000000
187 120.77433751262464 31.58979584047031 2.26530647277832 -0.00151579617523 3 5 0 2 3 1 3.50000000000000
188 120.77433371076803 31.58979954489883 2.26517844200134 0.00036946343607 3 5 0 2 3 1 3.50000000000000
189 120.77433014746165 31.58980298540203 2.26555132865906 -0.00038606615271 3 5 0 2 3 1 3.50000000000000
190 120.77432641633999 31.58980660633166 2.26573729515076 0.00035779314931 3 5 0 2 3 1 3.50000000000000
191 120.77432292864955 31.58981003878156 2.26575946807861 0.00078786740778 3 5 0 2 3 1 3.50000000000000
192 120.77431925771727 31.58981365497433 2.26596832275391 -0.00230097025633 3 5 0 2 3 1 3.50000000000000
193 120.77431540049896 31.58981744526704 2.26517438888550 0.00100160320289 3 5 0 2 3 1 3.50000000000000
194 120.77431173565462 31.58982103902700 2.26465129852295 0.00147492287215 3 5 0 2 3 1 3.50000000000000
195 120.77430808529574 31.58982464247945 2.26409339904785 0.00153067242354 3 5 0 2 3 1 3.50000000000000
196 120.77430441175727 31.58982827311876 2.26298141479492 0.00001507264642 3 5 0 2 3 1 3.50000000000000
197 120.77430091072179 31.58983171600941 2.26234245300293 0.00206279056147 3 5 0 2 3 1 3.50000000000000
198 120.77429717919476 31.58983533723005 2.26181030273438 -0.00048013348714 3 5 0 2 3 1 3.50000000000000
199 120.77429344267121 31.58983901978834 2.26049733161926 0.00233551952988 3 5 0 2 3 1 3.50000000000000
200 120.77428973327604 31.58984272865747 2.25985836982727 0.00140172743704 3 5 0 2 3 1 3.50000000000000
201 120.77428623607911 31.58984625399917 2.25884532928467 0.00281634554267 3 5 0 2 3 1 3.50000000000000
202 120.77428246984756 31.58984999350462 2.25799536705017 0.00144483102486 3 5 0 2 3 1 3.50000000000000
203 120.77427869804093 31.58985378000912 2.25750827789307 -0.00048515162780 3 5 0 2 3 1 3.50000000000000
204 120.77427512124729 31.58985737127775 2.25678229331970 -0.00110214413144 3 5 0 2 3 1 3.50000000000000
205 120.77427130027509 31.58986115625298 2.25691747665405 0.00280947610736 3 5 0 2 3 1 3.50000000000000
206 120.77426728283108 31.58986515352813 2.25656533241272 0.00012649415294 3 5 0 2 3 1 3.50000000000000
207 120.77426350936653 31.58986890298708 2.25702333450317 0.00191409571562 3 5 0 2 3 1 3.50000000000000
208 120.77425977737660 31.58987259892859 2.25729131698608 0.00180441432167 3 5 0 2 3 1 3.50000000000000
209 120.77425628489974 31.58987608081359 2.25697040557861 -0.00156243389938 3 5 0 2 3 1 3.50000000000000
210 120.77425262007824 31.58987972350359 2.25727438926697 -0.00085232581478 3 5 0 2 3 1 3.50000000000000
211 120.77424878222917 31.58988351755352 2.25706934928894 0.00149835424963 3 5 0 2 3 1 3.50000000000000
212 120.77424519928043 31.58988708064431 2.25709247589111 -0.00012689476716 3 5 0 2 3 1 3.50000000000000
213 120.77424166506233 31.58989062006720 2.25719237327576 -0.00215594493784 3 5 0 2 3 1 3.50000000000000
214 120.77423795561130 31.58989430298594 2.25702548027039 0.00103596784174 3 5 0 2 3 1 3.50000000000000
215 120.77423448907807 31.58989775611420 2.25706028938293 -0.00136695685796 3 5 0 2 3 1 3.50000000000000
216 120.77423104256563 31.58990117953382 2.25732040405273 -0.00227362639271 3 5 0 2 3 1 3.50000000000000
217 120.77422744183534 31.58990473639799 2.25734949111938 0.00120617356151 3 5 0 2 3 1 3.50000000000000
218 120.77422371551268 31.58990845164232 2.25728535652161 0.00130852975417 3 5 0 2 3 1 3.50000000000000
219 120.77422020141346 31.58991193283801 2.25736546516418 -0.00059904565569 3 5 0 2 3 1 3.50000000000000
220 120.77421651398535 31.58991555102158 2.25726342201233 0.00192673399579 3 5 0 2 3 1 3.50000000000000
221 120.77421287223262 31.58991914770471 2.25713133811951 0.00158445339184 3 5 0 2 3 1 3.50000000000000
222 120.77420912066493 31.58992287789595 2.25723028182983 0.00081355799921 3 5 0 2 3 1 3.50000000000000
223 120.77420556730183 31.58992640217879 2.25714635848999 -0.00260663731024 3 5 0 2 3 1 3.50000000000000
224 120.77420208203935 31.58992989050034 2.25687146186829 0.00087411346612 3 5 0 2 3 1 3.50000000000000
225 120.77419850228733 31.58993347406818 2.25670528411865 -0.00124722509645 3 5 0 2 3 1 3.50000000000000
226 120.77419480895176 31.58993716928436 2.25660538673401 0.00143057247624 3 5 0 2 3 1 3.50000000000000
227 120.77419132965503 31.58994063597657 2.25660037994385 -0.00216771895066 3 5 0 2 3 1 3.50000000000000
228 120.77418776141596 31.58994424378673 2.25626730918884 0.00061820982955 3 5 0 2 3 1 3.50000000000000
229 120.77418419837690 31.58994783128558 2.25629448890686 -0.00109741860069 3 5 0 2 3 1 3.50000000000000
230 120.77418052580919 31.58995154667004 2.25593543052673 0.00099952344317 3 5 0 2 3 1 3.50000000000000
231 120.77417705175013 31.58995502658054 2.25573945045471 0.00234893755987 3 5 0 2 3 1 3.50000000000000
232 120.77417343278394 31.58995861228835 2.25675940513611 -0.00267752073705 3 5 0 2 3 1 3.50000000000000
233 120.77416968209162 31.58996230991209 2.25785636901855 -0.00532698398456 3 5 0 2 3 1 3.50000000000000
234 120.77416612274143 31.58996580246634 2.25878047943115 -0.00440900214016 3 5 0 2 3 1 3.50000000000000
235 120.77416246565421 31.58996938420056 2.26025128364563 -0.00251076230779 3 5 0 2 3 1 3.50000000000000
236 120.77415870792458 31.58997305738458 2.26146245002747 -0.00241132988594 3 5 0 2 3 1 3.50000000000000
237 120.77415494385883 31.58997669778318 2.26274037361145 -0.00342157529667 3 5 0 2 3 1 3.50000000000000
238 120.77415133159410 31.58998024782806 2.26441740989685 -0.00572140049189 3 5 0 2 3 1 3.50000000000000
239 120.77414773691832 31.58998376856244 2.26571750640869 -0.00229237251915 3 5 0 2 3 1 3.50000000000000
240 120.77414425788450 31.58998716128451 2.26688528060913 -0.00293004396372 3 5 0 2 3 1 3.50000000000000
241 120.77414065205313 31.58999065765353 2.26825332641602 -0.00498235132545 3 5 0 2 3 1 3.50000000000000
242 120.77413713104367 31.58999407338396 2.26939249038696 0.00690167862922 3 5 0 2 3 1 3.50000000000000
243 120.77413359597695 31.58999748853339 2.27078437805176 -0.00602427497506 3 5 0 2 3 1 3.50000000000000
244 120.77413283318513 31.58999823159242 2.27081847190857 0.15459260344505 3 5 3 2 3 1 3.50000000000000
245 120.77412882538540 31.59000135698873 2.27188730239868 -0.00640012836084 10 5 0 0 3 1 3.50000000000000
246 120.77412527381514 31.59000475005141 2.27242445945740 -0.00216357526369 10 5 0 0 3 1 3.50000000000000
247 120.77412162191297 31.59000824198500 2.27271032333374 -0.00456149410456 10 5 0 0 3 1 3.50000000000000
248 120.77411809265408 31.59001163941708 2.27350831031799 -0.00260240165517 10 5 0 0 3 1 3.50000000000000
249 120.77411448552341 31.59001513067633 2.27392745018005 -0.00407791417092 10 5 0 0 3 1 3.50000000000000
250 120.77411076642751 31.59001871693573 2.27434539794922 0.00006451881200 10 5 0 0 3 1 3.50000000000000
251 120.77410717514687 31.59002218281159 2.27484726905823 -0.00064970337553 10 5 0 0 3 1 3.50000000000000
252 120.77410347193236 31.59002574542592 2.27541542053223 0.00098696025088 10 5 0 0 3 1 3.50000000000000
253 120.77409968399398 31.59002934481263 2.27591943740845 -0.00192236050498 10 5 0 0 3 1 3.50000000000000
254 120.77409589372706 31.59003295619527 2.27641034126282 -0.00183520815335 10 5 0 0 3 1 3.50000000000000
255 120.77409213227820 31.59003651750714 2.27696847915649 -0.00128148891963 10 5 0 0 3 1 3.50000000000000
256 120.77408845857455 31.59004001984407 2.27734637260437 0.00295155309141 10 5 0 0 3 1 3.50000000000000
257 120.77408489185757 31.59004339924529 2.27780246734619 -0.00456991000101 10 5 0 0 3 1 3.50000000000000
258 120.77408105364634 31.59004704312830 2.27822732925415 0.00053711963119 10 5 0 0 3 1 3.50000000000000
259 120.77407734437394 31.59005056536864 2.27864432334900 -0.00132143788505 10 5 0 0 3 1 3.50000000000000
260 120.77407356812201 31.59005415673876 2.27879929542542 -0.00040653487667 10 5 0 0 3 1 3.50000000000000
261 120.77406992206929 31.59005759579577 2.27939128875732 -0.00088682293426 10 5 0 0 3 1 3.50000000000000
262 120.77406599154148 31.59006129105572 2.27966833114624 -0.00013920952915 10 5 0 0 3 1 3.50000000000000
263 120.77406222956864 31.59006483173766 2.28012442588806 0.00049738376401 10 5 0 0 3 1 3.50000000000000
264 120.77405863275558 31.59006823167092 2.28059530258179 -0.00089264317648 10 5 0 0 3 1 3.50000000000000
265 120.77405500491587 31.59007168417426 2.28036642074585 0.00116943416651 10 5 0 0 3 1 3.50000000000000
266 120.77405109777057 31.59007539498966 2.28010129928589 -0.00015546668146 10 5 0 0 3 1 3.50000000000000
267 120.77404735716232 31.59007891811635 2.27997827529907 0.00047870649723 10 5 0 0 3 1 3.50000000000000
268 120.77404356438653 31.59008249212344 2.28013038635254 0.00043386078323 10 5 0 0 3 1 3.50000000000000
269 120.77403998344282 31.59008588952011 2.27984833717346 -0.00001337006961 10 5 0 0 3 1 3.50000000000000
270 120.77403612241189 31.59008954921017 2.27975630760193 0.00051114492817 10 5 0 0 3 1 3.50000000000000
271 120.77403248846984 31.59009300689063 2.27941036224365 0.00117676344234 10 5 0 0 3 1 3.50000000000000
272 120.77402858228093 31.59009672824272 2.27914738655090 -0.00042401143583 10 5 0 0 3 1 3.50000000000000
273 120.77402463582287 31.59010047654177 2.27905631065369 -0.00000462950948 10 5 0 0 3 1 3.50000000000000
274 120.77402089310620 31.59010404332778 2.27887344360352 0.00070576107828 10 5 0 0 3 1 3.50000000000000
275 120.77401737299671 31.59010740293139 2.27875041961670 -0.00089968723478 10 5 0 0 3 1 3.50000000000000
276 120.77401381660378 31.59011076577436 2.27877640724182 0.00017078213568 10 5 0 0 3 1 3.50000000000000
277 120.77400996827907 31.59011438743419 2.27867841720581 0.00159584952053 10 5 0 0 3 1 3.50000000000000
278 120.77400635300135 31.59011780975338 2.27867436408997 0.00001376912041 10 5 0 0 3 1 3.50000000000000
279 120.77400271909328 31.59012126551934 2.27871847152710 -0.00076288369019 10 5 0 0 3 1 3.50000000000000
280 120.77399879498458 31.59012497574888 2.27856850624084 -0.00015487172641 10 5 0 0 3 1 3.50000000000000
281 120.77399511944327 31.59012846775308 2.27822828292847 0.00235387543216 10 5 0 0 3 1 3.50000000000000
282 120.77399145026561 31.59013196644251 2.27811241149902 -0.00081342313206 10 5 0 0 3 1 3.50000000000000
283 120.77398752183703 31.59013570965874 2.27792239189148 0.00087994482601 10 5 0 0 3 1 3.50000000000000
284 120.77398384477995 31.59013919894292 2.27766633033752 0.00116183620412 10 5 0 0 3 1 3.50000000000000
285 120.77398020980939 31.59014267968582 2.27738547325134 -0.00097925239243 10 5 0 0 3 1 3.50000000000000
286 120.77397634915511 31.59014638619677 2.27683138847351 0.00219909544103 10 5 0 0 3 1 3.50000000000000
287 120.77397276904993 31.59014982594554 2.27637243270874 0.00081917137140 10 5 0 0 3 1 3.50000000000000
288 120.77396920304564 31.59015325298201 2.27578544616699 -0.00093589839526 10 5 0 0 3 1 3.50000000000000
289 120.77396565119523 31.59015664487596 2.27552127838135 -0.00032445118995 10 5 0 0 3 1 3.50000000000000
290 120.77396188802142 31.59016025452109 2.27490234375000 0.00025883357739 10 5 0 0 3 1 3.50000000000000
291 120.77395790207868 31.59016409351356 2.27431845664978 0.00037819362478 10 5 0 0 3 1 3.50000000000000
292 120.77395416724701 31.59016768946773 2.27376341819763 0.00281700980850 10 5 0 0 3 1 3.50000000000000
293 120.77395019401521 31.59017152070950 2.27274847030640 0.00190062401816 10 5 0 0 3 1 3.50000000000000
294 120.77394620952916 31.59017535849312 2.27189540863037 0.00263561867177 10 5 0 0 3 1 3.50000000000000
295 120.77394247207748 31.59017894908196 2.27109932899475 0.00142305938061 10 5 0 0 3 1 3.50000000000000
296 120.77393851442314 31.59018279359574 2.26975631713867 0.00198464049026 10 5 0 0 3 1 3.50000000000000
297 120.77393457228845 31.59018663453968 2.26830649375916 0.00302047096193 10 5 0 0 3 1 3.50000000000000
298 120.77393088426788 31.59019023718368 2.26666450500488 0.00228711636737 10 5 0 0 3 1 3.50000000000000
299 120.77392698050195 31.59019410758884 2.26462340354919 0.00450522685423 10 5 0 0 3 1 3.50000000000000
300 120.77392309474708 31.59019798471770 2.26255440711975 0.00390677945688 10 5 0 0 3 1 3.50000000000000
301 120.77391945996239 31.59020159622745 2.26063632965088 0.00269246287644 10 5 0 0 3 1 3.50000000000000
302 120.77391562032929 31.59020543462491 2.25841927528381 0.00419697444886 10 5 0 0 3 1 3.50000000000000
303 120.77391158980964 31.59020951000172 2.25634241104126 0.00363769638352 10 5 0 0 3 1 3.50000000000000
304 120.77390782445470 31.59021331665601 2.25424838066101 0.00501218810678 10 5 0 0 3 1 3.50000000000000
305 120.77390410169524 31.59021712571623 2.25199341773987 0.00331289484166 10 5 0 0 3 1 3.50000000000000
306 120.77390064860805 31.59022065017254 2.25030040740967 0.00225993408822 10 5 0 0 3 1 3.50000000000000
307 120.77389699596696 31.59022438591881 2.24829244613647 0.00496248481795 10 5 0 0 3 1 3.50000000000000
308 120.77389338248624 31.59022810068263 2.24630641937256 0.00416026497260 10 5 0 0 3 1 3.50000000000000
309 120.77388957707144 31.59023201210879 2.24527549743652 0.00111351197120 10 5 0 0 3 1 3.50000000000000
310 120.77388602134586 31.59023565699232 2.24442243576050 0.00087366660591 10 5 0 0 3 1 3.50000000000000
311 120.77388225805004 31.59023949317861 2.24418735504150 -0.00089183705859 10 5 0 0 3 1 3.50000000000000
312 120.77387875994454 31.59024307785693 2.24441242218018 -0.00171199196484 10 5 0 0 3 1 3.50000000000000
313 120.77387529711467 31.59024664432827 2.24492549896240 0.00097505527083 10 5 0 0 3 1 3.50000000000000
314 120.77387158408779 31.59025036963268 2.24596738815308 -0.00443747034296 10 5 0 0 3 1 3.50000000000000
315 120.77386813019397 31.59025387549394 2.24664044380188 -0.00362463877536 10 5 0 0 3 1 3.50000000000000
316 120.77386448183714 31.59025755977912 2.24758839607239 -0.00142663589213 10 5 0 0 3 1 3.50000000000000
317 120.77386105920606 31.59026101314529 2.24862837791443 -0.00111607566942 10 5 0 0 3 1 3.50000000000000
318 120.77385705083059 31.59026505377457 2.24906229972839 -0.00447311066091 10 5 0 0 3 1 3.50000000000000
319 120.77385332721092 31.59026879813777 2.25002050399780 -0.00125362689141 10 5 0 0 3 1 3.50000000000000
320 120.77384969065491 31.59027246106556 2.25042939186096 -0.00249114586040 10 5 0 0 3 1 3.50000000000000
321 120.77384593530546 31.59027621629845 2.25116539001465 -0.00153162446804 10 5 0 0 3 1 3.50000000000000
322 120.77384249693925 31.59027967504303 2.25188732147217 -0.00196358840913 10 5 0 0 3 1 3.50000000000000
323 120.77383900009370 31.59028320750860 2.25235939025879 0.00034007924842 10 5 0 0 3 1 3.50000000000000
324 120.77383543115229 31.59028676731665 2.25305843353271 0.00037685269490 10 5 0 0 3 1 3.50000000000000
325 120.77383181735635 31.59029035785195 2.25370144844055 -0.00065417942824 10 5 0 0 3 1 3.50000000000000
326 120.77382835561713 31.59029381587430 2.25431632995605 0.00172712514177 10 5 0 0 3 1 3.50000000000000
327 120.77382491308299 31.59029730087243 2.25469946861267 -0.00316976732574 10 5 0 0 3 1 3.50000000000000
328 120.77382138780095 31.59030084523564 2.25505828857422 0.00038591766497 10 5 0 0 3 1 3.50000000000000
329 120.77381775742465 31.59030446073911 2.25564932823181 -0.00101246300619 10 5 0 0 3 1 3.50000000000000
330 120.77381405544207 31.59030816349380 2.25611639022827 -0.00408926466480 10 5 0 0 3 1 3.50000000000000
331 120.77381058048942 31.59031164269717 2.25656127929688 -0.00048441256513 10 5 0 0 3 1 3.50000000000000
332 120.77380711873111 31.59031509175690 2.25689935684204 -0.00082308286801 10 5 0 0 3 1 3.50000000000000
333 120.77380347966161 31.59031872146430 2.25678229331970 0.00063264509663 10 5 0 0 3 1 3.50000000000000
334 120.77379998490950 31.59032219463683 2.25734949111938 0.00168899598066 10 5 0 0 3 1 3.50000000000000
335 120.77379637409403 31.59032579583210 2.25781750679016 -0.00655070645735 10 5 0 0 3 1 3.50000000000000
336 120.77379293709515 31.59032923414071 2.25783228874207 0.00215059332550 10 5 0 0 3 1 3.50000000000000
337 120.77378944565609 31.59033273302934 2.25800442695618 0.00322601525113 10 5 0 0 3 1 3.50000000000000
338 120.77378595593555 31.59033620329175 2.25820827484131 -0.00365220569074 10 5 0 0 3 1 3.50000000000000
339 120.77378243307143 31.59033969383030 2.25835227966309 0.00437758537009 10 5 0 0 3 1 3.50000000000000
340 120.77377893865317 31.59034307511983 2.25861430168152 0.02591709792614 10 5 0 0 3 1 3.50000000000000
341 120.77377551063591 31.59034657134625 2.25785326957703 0.00576109858230 10 5 0 0 3 1 3.50000000000000
342 120.77377219284055 31.59035007858220 2.25518441200256 0.01579310931265 10 5 0 0 3 1 3.50000000000000
343 120.77376908540840 31.59035377982073 2.24102640151978 0.03970742598176 10 5 0 0 3 1 3.50000000000000
344 120.77376605349092 31.59035764787961 2.21929550170898 0.04473647847772 10 5 0 0 3 1 3.50000000000000
345 120.77376321388300 31.59036169626031 2.19164443016052 0.05631011351943 10 5 0 0 3 1 3.50000000000000
346 120.77376061299557 31.59036580487604 2.16122341156006 0.05703240260482 10 5 0 0 3 1 3.50000000000000
347 120.77375826085688 31.59036985896375 2.12905645370483 0.06670004874468 10 5 0 0 3 1 3.50000000000000
348 120.77375596957006 31.59037422533294 2.09305334091187 0.06946049630642 10 5 0 0 3 1 3.50000000000000
349 120.77375390107903 31.59037848042750 2.05889534950256 0.06612918525934 10 5 0 0 3 1 3.50000000000000
350 120.77375193512098 31.59038287539906 2.02464842796326 0.06585451960564 10 5 0 0 3 1 3.50000000000000
351 120.77375020741499 31.59038722449957 1.99114334583282 0.06619685143232 10 5 0 0 3 1 3.50000000000000
352 120.77374861191748 31.59039172655314 1.95682036876678 0.06788209080696 10 5 0 0 3 1 3.50000000000000
353 120.77374719151805 31.59039617071620 1.92299234867096 0.06777245551348 10 5 0 0 3 1 3.50000000000000
354 120.77374592011617 31.59040087174464 1.88761639595032 0.06426749378443 10 5 0 0 3 1 3.50000000000000
355 120.77374484548609 31.59040561686212 1.85233235359192 0.06535192579031 10 5 0 0 3 1 3.50000000000000
356 120.77374395593162 31.59041025136114 1.81786644458771 0.06326632201672 10 5 0 0 3 1 3.50000000000000
357 120.77374326384729 31.59041478671138 1.78418040275574 0.06467548012733 10 5 0 0 3 1 3.50000000000000
358 120.77374280797555 31.59041935657629 1.74977743625641 0.07041808217764 10 5 0 0 3 1 3.50000000000000
359 120.77374249252371 31.59042399569930 1.71598136425018 0.06859449297190 10 5 0 0 3 1 3.50000000000000
360 120.77374237090707 31.59042881441527 1.68080043792725 0.06850214302540 10 5 0 0 3 1 3.50000000000000
361 120.77374244692842 31.59043340403805 1.64725637435913 0.07128376513720 10 5 0 0 3 1 3.50000000000000
362 120.77374274028679 31.59043823971313 1.61086642742157 0.06499072164297 10 5 0 0 3 1 3.50000000000000
363 120.77374320218713 31.59044283232060 1.57595038414001 0.06771483272314 10 5 0 0 3 1 3.50000000000000
364 120.77374386754659 31.59044751544259 1.53962540626526 0.06912066787481 10 5 0 0 3 1 3.50000000000000
365 120.77374480768427 31.59045241680877 1.50222742557526 0.06820981204510 10 5 0 0 3 1 3.50000000000000
366 120.77374586463985 31.59045699048933 1.46641135215759 0.06719116121531 10 5 0 0 3 1 3.50000000000000
367 120.77374714621043 31.59046154990419 1.43137943744659 0.06710406392813 10 5 0 0 3 1 3.50000000000000
368 120.77374851261139 31.59046599752511 1.40023434162140 0.05965127050877 10 5 0 0 3 1 3.50000000000000
369 120.77375008445161 31.59047053420396 1.36863338947296 0.05982506647706 10 5 0 0 3 1 3.50000000000000
370 120.77375171953609 31.59047493929512 1.33799242973328 0.06193032860756 10 5 0 0 3 1 3.50000000000000
371 120.77375352224902 31.59047932174168 1.30829143524170 0.05775410681963 10 5 0 0 3 1 3.50000000000000
372 120.77375545014294 31.59048369420820 1.27898538112640 0.05958880856633 10 5 0 0 3 1 3.50000000000000
373 120.77375746085730 31.59048788597734 1.25118041038513 0.06195572018623 10 5 0 0 3 1 3.50000000000000
374 120.77375967319287 31.59049214019680 1.22210443019867 0.05446001142263 10 5 0 0 3 1 3.50000000000000
375 120.77376199326127 31.59049625288573 1.19433236122131 0.05483161285520 10 5 0 0 3 1 3.50000000000000
376 120.77376453668776 31.59050044868140 1.16542935371399 0.06000896170735 10 5 0 0 3 1 3.50000000000000
377 120.77376716628908 31.59050455831386 1.13689839839935 0.06256609410048 10 5 0 0 3 1 3.50000000000000
378 120.77376988631552 31.59050852273938 1.10892534255981 0.05320207402110 10 5 0 0 3 1 3.50000000000000
379 120.77377285039682 31.59051252110776 1.07972538471222 0.05346638336778 10 5 0 0 3 1 3.50000000000000
380 120.77377592710125 31.59051638056208 1.04940140247345 0.06717450171709 10 5 0 0 3 1 3.50000000000000
381 120.77377922421213 31.59052017560429 1.01338636875153 0.07790130376816 10 5 0 0 3 1 3.50000000000000
382 120.77378270821265 31.59052363794076 0.97173339128494 0.09167115390301 10 5 0 0 3 1 3.50000000000000
383 120.77378650177361 31.59052680069971 0.92415940761566 0.10197591781616 10 5 0 0 3 1 3.50000000000000
384 120.77379059135868 31.59052986359811 0.87319141626358 0.09420613199472 10 5 0 0 3 1 3.50000000000000
385 120.77379481349949 31.59053279122157 0.82371038198471 0.09285321086645 10 5 0 0 3 1 3.50000000000000
386 120.77379909351022 31.59053563334466 0.77685737609863 0.08910355716944 10 5 0 0 3 1 3.50000000000000
387 120.77380331289585 31.59053837770279 0.73617440462112 0.06548917293549 10 5 0 0 3 1 3.50000000000000
388 120.77380456483799 31.59053848997337 0.73050338029861 0.07287468761206 10 5 3 0 3 1 3.50000000000000
