Id Lon Lat heading curvature mode SpeedMode EventMode OppositeSideMode LaneNum LaneSeq LaneWidth
0 120.77973370281033 31.59350078818513 0.48468139767647 0.01321756467223 10 5 0 0 2 1 3.29999995231628
1 120.77973834866958 31.59350295932060 0.48548740148544 -0.00865970365703 10 5 0 0 2 1 3.29999995231628
2 120.77974299353970 31.59350522534051 0.48698440194130 -0.00350905070081 10 5 0 0 2 1 3.29999995231628
3 120.77974765953596 31.59350749438383 0.48864337801933 -0.00440138764679 10 5 0 0 2 1 3.29999995231628
4 120.77975251092298 31.59350984728580 0.48952737450600 0.00095201801741 10 5 0 0 2 1 3.29999995231628
5 120.77975713542595 31.59351210284620 0.49013039469719 -0.00238507916220 10 5 0 0 2 1 3.29999995231628
6 120.77976191752454 31.59351440718655 0.49100840091705 -0.00015224293747 10 5 0 0 2 1 3.29999995231628
7 120.77976673565391 31.59351674515785 0.49198138713837 -0.00127666711342 10 5 0 0 2 1 3.29999995231628
8 120.77977165492560 31.59351918891755 0.49297139048576 -0.00538016902283 10 5 0 0 2 1 3.29999995231628
9 120.77977640521094 31.59352160570261 0.49460938572884 -0.00445117475465 10 5 0 0 2 1 3.29999995231628
10 120.77978103851666 31.59352395708390 0.49591839313507 -0.00084463035455 10 5 0 0 2 1 3.29999995231628
11 120.77978592537588 31.59352638611810 0.49713239073753 0.00054820213700 10 5 0 0 2 1 3.29999995231628
12 120.77979066050862 31.59352871769827 0.49820637702942 -0.00203115236945 10 5 0 0 2 1 3.29999995231628
13 120.77979525108165 31.59353096624348 0.49919238686562 -0.00270353839733 10 5 0 0 2 1 3.29999995231628
14 120.77980005020639 31.59353332112387 0.49990138411522 -0.00560483802110 10 5 0 0 2 1 3.29999995231628
15 120.77980487902073 31.59353572170337 0.50119239091873 -0.00207789661363 10 5 0 0 2 1 3.29999995231628
16 120.77980955822018 31.59353806664979 0.50230038166046 -0.00019309659547 10 5 0 0 2 1 3.29999995231628
17 120.77981446520178 31.59354053365976 0.50375139713287 -0.00154639512766 10 5 0 0 2 1 3.29999995231628
18 120.77981919419436 31.59354291092539 0.50508838891983 -0.00370120746084 10 5 0 0 2 1 3.29999995231628
19 120.77982373081524 31.59354521874255 0.50625240802765 -0.00590007519349 10 5 0 0 2 1 3.29999995231628
20 120.77982847217267 31.59354761953171 0.50729137659073 -0.00196220702492 10 5 0 0 2 1 3.29999995231628
21 120.77983301064933 31.59354991850403 0.50831240415573 0.00291386805475 10 5 0 0 2 1 3.29999995231628
22 120.77983772282469 31.59355229307063 0.50853937864304 -0.00189213000704 10 5 0 0 2 1 3.29999995231628
23 120.77984256474524 31.59355475125189 0.50804841518402 -0.00072760920739 10 5 0 0 2 1 3.29999995231628
24 120.77984746902338 31.59355722820090 0.50715839862823 0.00053167290753 10 5 0 0 2 1 3.29999995231628
25 120.77985213724837 31.59355950358906 0.50523740053177 0.00090326898498 10 5 0 0 2 1 3.29999995231628
26 120.77985675477866 31.59356175985802 0.50313037633896 0.00242050876841 10 5 0 0 2 1 3.29999995231628
27 120.77986153904858 31.59356405581403 0.49884238839149 0.00916621368378 10 5 0 0 2 1 3.29999995231628
28 120.77986641621570 31.59356635919335 0.49347940087318 0.00863496400416 10 5 0 0 2 1 3.29999995231628
29 120.77987124966577 31.59356860143235 0.48697137832642 0.01677136495709 10 5 0 0 2 1 3.29999995231628
30 120.77987625339149 31.59357085468935 0.47781437635422 0.02022225596011 10 5 0 0 2 1 3.29999995231628
31 120.77988114764683 31.59357291276735 0.46667939424515 0.02428745664656 10 5 0 0 2 1 3.29999995231628
32 120.77988596696565 31.59357477628800 0.45334339141846 0.03094604052603 10 5 0 0 2 1 3.29999995231628
33 120.77989103933855 31.59357663274155 0.43763840198517 0.03151085600257 10 5 0 0 2 1 3.29999995231628
34 120.77989596048559 31.59357835370422 0.42221939563751 0.03509706631303 10 5 0 0 2 1 3.29999995231628
35 120.77990107855894 31.59358002970427 0.40391337871552 0.04254499822855 10 5 0 0 2 1 3.29999995231628
36 120.77990621357515 31.59358147863268 0.37976539134979 0.05380595475435 10 5 0 0 2 1 3.29999995231628
37 120.77991151011511 31.59358276939739 0.35162737965584 0.05522165074944 10 5 0 0 2 1 3.29999995231628
38 120.77991692105940 31.59358395985255 0.32291138172150 0.05371886491776 10 5 0 0 2 1 3.29999995231628
39 120.77992207030321 31.59358494657918 0.29564738273621 0.05762716382742 10 5 0 0 2 1 3.29999995231628
40 120.77992733638543 31.59358582080026 0.26605638861656 0.06046063452959 10 5 0 0 2 1 3.29999995231628
41 120.77993258933355 31.59358651023242 0.23346638679504 0.06487246602774 10 5 0 0 2 1 3.29999995231628
42 120.77993806146183 31.59358698500762 0.19783738255501 0.07207366824150 10 5 0 0 2 1 3.29999995231628
43 120.77994334490819 31.59358731358692 0.16349938511848 0.07363785058260 10 5 0 0 2 1 3.29999995231628
44 120.77994879834458 31.59358745248675 0.12663139402866 0.06887485831976 10 5 0 0 2 1 3.29999995231628
45 120.77995410180816 31.59358738963611 0.08863238990307 0.07381398975849 10 5 0 0 2 1 3.29999995231628
46 120.77995939844652 31.59358711348100 0.04874338954687 0.08175938576460 10 5 0 0 2 1 3.29999995231628
47 120.77996487460823 31.59358661436903 0.00684738811105 0.08386467397213 10 5 0 0 2 1 3.29999995231628
48 120.77997013267507 31.59358596304415 -0.03316761180758 0.08307442814112 10 5 0 0 2 1 3.29999995231628
49 120.77997535845388 31.59358514233498 -0.07410961389542 0.09006997942924 10 5 0 0 2 1 3.29999995231628
50 120.77998076306046 31.59358400905990 -0.12026660889387 0.09307578206062 10 5 0 0 2 1 3.29999995231628
51 120.77998591875482 31.59358261632990 -0.17009261250496 0.10081683844328 10 5 0 0 2 1 3.29999995231628
52 120.77999094266958 31.59358092587320 -0.22215561568737 0.10222731530666 10 5 0 0 2 1 3.29999995231628
53 120.77999601711502 31.59357898433401 -0.27518162131310 0.10067284107208 10 5 0 0 2 1 3.29999995231628
54 120.78000076497310 31.59357691136341 -0.32553261518478 0.10384973138571 10 5 0 0 2 1 3.29999995231628
55 120.78000548020361 31.59357461431877 -0.37563160061836 0.10199101269245 10 5 0 0 2 1 3.29999995231628
56 120.78001014331669 31.59357207941889 -0.42663961648941 0.09850101917982 10 5 0 0 2 1 3.29999995231628
57 120.78001461867208 31.59356941444611 -0.47488161921501 0.08779095113277 10 5 0 0 2 1 3.29999995231628
58 120.78001900507965 31.59356679891497 -0.51351362466812 0.06615183502436 10 5 0 0 2 1 3.29999995231628
59 120.78002349995445 31.59356418100046 -0.54254859685898 0.04584860056639 10 5 0 0 2 1 3.29999995231628
60 120.78002809380345 31.59356156371833 -0.56244659423828 0.02872853353620 10 5 0 0 2 1 3.29999995231628
61 120.78003265631476 31.59355902967658 -0.57597362995148 0.02810135483742 10 5 0 0 2 1 3.29999995231628
62 120.78003713839519 31.59355648198504 -0.58887463808060 0.02829183638096 10 5 0 0 2 1 3.29999995231628
63 120.78004169840345 31.59355377591842 -0.60260260105133 0.03212229907513 10 5 0 0 2 1 3.29999995231628
64 120.78004606731555 31.59355104260890 -0.61629760265350 0.02254102937877 10 5 0 0 2 1 3.29999995231628
65 120.78005049766418 31.59354818458507 -0.62967258691788 0.02619493380189 10 5 0 0 2 1 3.29999995231628
66 120.78005487671075 31.59354532967268 -0.64184361696243 0.02343966625631 10 5 0 0 2 1 3.29999995231628
67 120.78005922549582 31.59354240916050 -0.65320259332657 0.02618156000972 10 5 0 0 2 1 3.29999995231628
68 120.78006337179970 31.59353948762011 -0.66438561677933 0.02164263278246 10 5 0 0 2 1 3.29999995231628
69 120.78010954645853 31.59357677226890 2.41909432411194 -0.39223515987396 10 5 0 0 2 1 3.29999995231628
70 120.78010570691816 31.59358001935183 2.41772937774658 -0.00097067898605 10 5 0 0 2 1 3.29999995231628
71 120.78010165978020 31.59358298049828 2.41742634773254 -0.00676996028051 10 5 0 0 2 1 3.29999995231628
72 120.78009750142729 31.59358594608666 2.41837430000305 0.00083369162166 10 5 0 0 2 1 3.29999995231628
73 120.78009342503206 31.59358885917156 2.41924047470093 -0.00491813011467 10 5 0 0 2 1 3.29999995231628
74 120.78008931152584 31.59359178213471 2.42000341415405 -0.00085887790192 10 5 0 0 2 1 3.29999995231628
75 120.78008500713067 31.59359473869618 2.42181348800659 -0.00478546414524 10 5 0 0 2 1 3.29999995231628
76 120.78008073473571 31.59359750088803 2.42523527145386 -0.00949092023075 10 5 0 0 2 1 3.29999995231628
77 120.78007637411156 31.59360034092522 2.42924547195435 -0.00504699535668 10 5 0 0 2 1 3.29999995231628
78 120.78007201173189 31.59360318948783 2.43447637557983 -0.01167562231421 10 5 0 0 2 1 3.29999995231628
79 120.78006764444432 31.59360599949924 2.44130539894104 -0.01530329324305 10 5 0 0 2 1 3.29999995231628
80 120.78006308712290 31.59360886155406 2.44940638542175 -0.01773449592292 10 5 0 0 2 1 3.29999995231628
81 120.78005860418354 31.59361169647313 2.45695638656616 -0.01573371514678 10 5 0 0 2 1 3.29999995231628
82 120.78005426455026 31.59361438916360 2.46421027183533 -0.01598211936653 10 5 0 0 2 1 3.29999995231628
83 120.78004967967969 31.59361719165549 2.47234439849854 -0.01506635826081 10 5 0 0 2 1 3.29999995231628
84 120.78004527078764 31.59361983198499 2.48030042648315 -0.01447525154799 10 5 0 0 2 1 3.29999995231628
85 120.78004062576898 31.59362253638930 2.48898530006409 -0.01528345141560 10 5 0 0 2 1 3.29999995231628
86 120.78003614759578 31.59362503242650 2.49880647659302 -0.02216799557209 10 5 0 0 2 1 3.29999995231628
87 120.78003147038950 31.59362758066111 2.50980544090271 -0.01991076394916 10 5 0 0 2 1 3.29999995231628
88 120.78002680080728 31.59363007695643 2.52180838584900 -0.02450349181890 10 5 0 0 2 1 3.29999995231628
89 120.78002185576308 31.59363256369975 2.53702044487000 -0.03065612353384 10 5 0 0 2 1 3.29999995231628
90 120.78001688153267 31.59363495343512 2.55457448959351 -0.03363753482699 10 5 0 0 2 1 3.29999995231628
91 120.78001210951929 31.59363710829068 2.57355833053589 -0.03773166611791 10 5 0 0 2 1 3.29999995231628
92 120.78000704605344 31.59363919278753 2.59627032279968 -0.04537718743086 10 5 0 0 2 1 3.29999995231628
93 120.78000216203083 31.59364104611110 2.61903238296509 -0.04832517728209 10 5 0 0 2 1 3.29999995231628
94 120.77999704743941 31.59364282393108 2.64503335952759 -0.04790587350726 10 5 0 0 2 1 3.29999995231628
95 120.77999169663971 31.59364449909282 2.67292046546936 -0.05651244521141 10 5 0 0 2 1 3.29999995231628
96 120.77998657127294 31.59364596135696 2.70009636878967 -0.05665013939142 10 5 0 0 2 1 3.29999995231628
97 120.77998119339213 31.59364730401533 2.73074626922607 -0.05847315490246 10 5 0 0 2 1 3.29999995231628
98 120.77997600463189 31.59364842655664 2.76112937927246 -0.06201082468033 10 5 0 0 2 1 3.29999995231628
99 120.77997050475055 31.59364945414102 2.79336142539978 -0.06456862390041 10 5 0 0 2 1 3.29999995231628
100 120.77996518479385 31.59365026640511 2.82524943351746 -0.06435357779264 10 5 0 0 2 1 3.29999995231628
101 120.77995965270841 31.59365093346777 2.85969734191895 -0.06633038073778 10 5 0 0 2 1 3.29999995231628
102 120.77995432394621 31.59365137848269 2.89404439926147 -0.07004725188017 10 5 0 0 2 1 3.29999995231628
103 120.77994879546704 31.59365167488584 2.93097734451294 -0.07189740985632 10 5 0 0 2 1 3.29999995231628
104 120.77994307167215 31.59365176904858 2.96989631652832 -0.07472842186689 10 5 0 0 2 1 3.29999995231628
105 120.77993755595305 31.59365162873543 3.00937843322754 -0.07427536696196 10 5 0 0 2 1 3.29999995231628
106 120.77993222159004 31.59365132707808 3.04711532592773 -0.07612858712673 10 5 0 0 2 1 3.29999995231628
107 120.77992688747821 31.59365083045157 3.08558845520020 -0.07420396804810 10 5 0 0 2 1 3.29999995231628
108 120.77992133543623 31.59365008672651 3.12650728225708 -0.07858259975910 10 5 0 0 2 1 3.29999995231628
109 120.77991606672995 31.59364921071598 -3.11709094047546 -0.07836602628231 10 5 0 0 2 1 3.29999995231628
110 120.77991058177378 31.59364811999862 -3.07515788078308 -0.07584668695927 10 5 0 0 2 1 3.29999995231628
111 120.77990537372533 31.59364690718349 -3.03508281707764 -0.07549715042114 10 5 0 0 2 1 3.29999995231628
112 120.77989999609476 31.59364543499950 -2.99397301673889 -0.07806169241667 10 5 0 0 2 1 3.29999995231628
113 120.77989490975865 31.59364389036858 -2.95715284347534 -0.07181572169065 10 5 0 0 2 1 3.29999995231628
114 120.77988964521032 31.59364214813171 -2.91939687728882 -0.07227611541748 10 5 0 0 2 1 3.29999995231628
115 120.77988465581602 31.59364030598992 -2.88262391090393 -0.07399421930313 10 5 0 0 2 1 3.29999995231628
116 120.77987954745517 31.59363821326010 -2.84403395652771 -0.06869853287935 10 5 0 0 2 1 3.29999995231628
117 120.77987470542956 31.59363604068396 -2.80767393112183 -0.06888576596975 10 5 0 0 2 1 3.29999995231628
118 120.77987004829917 31.59363392390373 -2.77900981903076 -0.05368335917592 10 5 0 0 2 1 3.29999995231628
119 120.77986514376377 31.59363165170226 -2.75383496284485 -0.04414309933782 10 5 0 0 2 1 3.29999995231628
120 120.77986045794610 31.59362936843589 -2.73077583312988 -0.04365333169699 10 5 0 0 2 1 3.29999995231628
121 120.77985556255017 31.59362687059328 -2.70779991149902 -0.04422779753804 10 5 0 0 2 1 3.29999995231628
122 120.77985085943838 31.59362443925967 -2.68839883804321 -0.03119102306664 10 5 0 0 2 1 3.29999995231628
123 120.77984616899531 31.59362197322572 -2.67072892189026 -0.03416915610433 10 5 0 0 2 1 3.29999995231628
124 120.77984133448233 31.59361934434511 -2.65356492996216 -0.03136164322495 10 5 0 0 2 1 3.29999995231628
125 120.77983676488500 31.59361682327689 -2.64041090011597 -0.02380073815584 10 5 0 0 2 1 3.29999995231628
126 120.77983203951337 31.59361422666289 -2.63017392158508 -0.01842571981251 10 5 0 0 2 1 3.29999995231628
127 120.77982755230676 31.59361178726956 -2.62344384193420 -0.01116430293769 10 5 0 0 2 1 3.29999995231628
128 120.77982289863650 31.59360925861447 -2.61950087547302 -0.00875412859023 10 5 0 0 2 1 3.29999995231628
129 120.77981809521681 31.59360665209826 -2.61656188964844 -0.00416815513745 10 5 0 0 2 1 3.29999995231628
130 120.77981352562549 31.59360417775788 -2.61412000656128 0.00025239842944 10 5 0 0 2 1 3.29999995231628
131 120.77980878996870 31.59360160873802 -2.61282396316528 -0.00478141289204 10 5 0 0 2 1 3.29999995231628
132 120.77980426669576 31.59359917804665 -2.61264491081238 -0.00197789235972 10 5 0 0 2 1 3.29999995231628
133 120.77979954468289 31.59359665849690 -2.61290192604065 0.00229943357408 10 5 0 0 2 1 3.29999995231628
134 120.77979503920517 31.59359426767136 -2.61343193054199 0.00254015903920 10 5 0 0 2 1 3.29999995231628
135 120.77979033388202 31.59359176468126 -2.61445903778076 0.00075785064837 10 5 0 0 2 1 3.29999995231628
136 120.77978582313112 31.59358938238151 -2.61543583869934 -0.00116883905139 10 5 0 0 2 1 3.29999995231628
137 120.77978112777504 31.59358688944876 -2.61629700660706 0.00161605933681 10 5 0 0 2 1 3.29999995231628
138 120.77977663241080 31.59358448919689 -2.61664891242981 0.00244354130700 10 5 0 0 2 1 3.29999995231628
139 120.77977194046771 31.59358200894083 -2.61756491661072 0.00154308637138 10 5 0 0 2 1 3.29999995231628
140 120.77976742854827 31.59357963620482 -2.61887097358704 0.00266284844838 10 5 0 0 2 1 3.29999995231628
141 120.77976270401645 31.59357718437081 -2.62074589729309 0.00437215669081 10 5 0 0 2 1 3.29999995231628
142 120.77975817015870 31.59357486074818 -2.62326502799988 0.00750509649515 10 5 0 0 2 1 3.29999995231628
143 120.77975345019230 31.59357244506854 -2.62549281120300 0.00353387813084 10 5 0 0 2 1 3.29999995231628
144 120.77974854439229 31.59356996328743 -2.62828087806702 0.00605692388490 10 5 0 0 2 1 3.29999995231628
145 120.77974385381549 31.59356761155643 -2.63067984580994 0.00266326009296 10 5 0 0 2 1 3.29999995231628
146 120.77973897538207 31.59356515455974 -2.63206100463867 0.00119083828758 10 5 0 0 2 1 3.29999995231628
147 120.77973429591096 31.59356284189374 -2.63374400138855 -0.00010425755318 10 5 0 0 2 1 3.29999995231628
148 120.77972948312363 31.59356043252431 -2.63518595695496 0.00071084726369 10 5 0 0 2 1 3.29999995231628
149 120.77972473801003 31.59355807611155 -2.63614892959595 0.00484996149316 10 5 0 0 2 1 3.29999995231628
150 120.77971990185017 31.59355565731977 -2.63775801658630 0.00422506127506 10 5 0 0 2 1 3.29999995231628
151 120.77971530990652 31.59355337952062 -2.63867688179016 -0.00193947972730 10 5 0 0 2 1 3.29999995231628
152 120.77971067752972 31.59355109226922 -2.63993191719055 0.00402799621224 10 5 0 0 2 1 3.29999995231628
153 120.77970611346194 31.59354880336500 -2.64082384109497 0.00195017503574 10 5 0 0 2 1 3.29999995231628
