Id Lon Lat heading curvature mode SpeedMode EventMode OppositeSideMode LaneNum LaneSeq LaneWidth
0 120.77875726837014 31.59117198248956 -0.97517162561417 0.07095871865749 10 3 0 0 3 1 3.50000000000000
1 120.77876052495431 31.59116816377318 -0.97559362649918 0.00914922636002 10 3 0 0 3 1 3.50000000000000
2 120.77876370847289 31.59116430605464 -0.97601258754730 -0.00079767347779 10 3 0 0 3 1 3.50000000000000
3 120.77876695645570 31.59116036681584 -0.97687059640884 0.00027065075119 10 3 0 0 3 1 3.50000000000000
4 120.77877005728976 31.59115663956184 -0.97724658250809 0.00286409538239 10 3 0 0 3 1 3.50000000000000
5 120.77877332003963 31.59115271331238 -0.97741663455963 0.00085269170813 10 3 0 0 3 1 3.50000000000000
6 120.77877661390187 31.59114866575403 -0.97824758291245 0.00067457841942 10 3 0 0 3 1 3.50000000000000
7 120.77877973127168 31.59114483485495 -0.97898060083389 0.00239989068359 10 3 0 0 3 1 3.50000000000000
8 120.77878274174110 31.59114106374426 -0.98158758878708 0.00567509746179 10 3 0 0 3 1 3.50000000000000
9 120.77878602597302 31.59113686158248 -0.98642760515213 0.00918980501592 10 3 0 0 3 1 3.50000000000000
10 120.77878897047191 31.59113305933590 -0.99099558591843 0.00908106192946 10 3 0 0 3 1 3.50000000000000
11 120.77879214582924 31.59112887425361 -0.99885958433151 0.01799972355366 10 3 0 0 3 1 3.50000000000000
12 120.77879505170441 31.59112483093135 -1.00971162319183 0.02324092015624 10 3 0 0 3 1 3.50000000000000
13 120.77879787829724 31.59112064835576 -1.02332556247711 0.02990341931581 10 3 0 0 3 1 3.50000000000000
14 120.77880040308123 31.59111662340348 -1.03873860836029 0.03196779266000 10 3 0 0 3 1 3.50000000000000
15 120.77880304655309 31.59111219885221 -1.05655360221863 0.03159063681960 10 3 0 0 3 1 3.50000000000000
16 120.77880564666927 31.59110767764283 -1.07536661624908 0.03641061112285 10 3 0 0 3 1 3.50000000000000
17 120.77880796277930 31.59110335495134 -1.09517061710358 0.03842758014798 10 3 0 0 3 1 3.50000000000000
18 120.77881036773628 31.59109860893975 -1.11747264862061 0.04059391096234 10 3 0 0 3 1 3.50000000000000
19 120.77881265197135 31.59109377352057 -1.14153766632080 0.04175323992968 10 3 0 0 3 1 3.50000000000000
20 120.77881461046056 31.59108922822335 -1.16355359554291 0.04295370355248 10 3 0 0 3 1 3.50000000000000
21 120.77881652888810 31.59108426334334 -1.19026565551758 0.04880523681641 10 3 0 0 3 1 3.50000000000000
22 120.77881829944226 31.59107924394932 -1.21765160560608 0.04852657392621 10 3 0 0 3 1 3.50000000000000
23 120.77881988862340 31.59107418352776 -1.24672365188599 0.05148618668318 10 3 0 0 3 1 3.50000000000000
24 120.77882119689002 31.59106943919568 -1.27392864227295 0.05225056037307 10 3 0 0 3 1 3.50000000000000
25 120.77882237620753 31.59106428147284 -1.30483257770538 0.05496303364635 10 3 0 0 3 1 3.50000000000000
26 120.77882320306414 31.59105981905125 -1.33250355720520 0.05569674074650 10 3 0 0 3 1 3.50000000000000
27 120.77882391473985 31.59105495731529 -1.36339461803436 0.05922381952405 10 3 0 0 3 1 3.50000000000000
28 120.77882448872072 31.59104972137768 -1.39731061458588 0.05838616937399 10 3 0 0 3 1 3.50000000000000
29 120.77882482656213 31.59104522083306 -1.42554664611816 0.05721388757229 10 3 0 0 3 1 3.50000000000000
30 120.77882498112017 31.59104070896927 -1.45563757419586 0.06370188295841 10 3 0 0 3 1 3.50000000000000
31 120.77882496630440 31.59103582716870 -1.48942756652832 0.06225264072418 10 3 0 0 3 1 3.50000000000000
32 120.77882474010255 31.59103059151260 -1.52552258968353 0.06213404238224 10 3 0 0 3 1 3.50000000000000
33 120.77882431986971 31.59102536412857 -1.56210660934448 0.06481591612101 10 3 0 0 3 1 3.50000000000000
34 120.77882371713893 31.59102053259842 -1.59556961059570 0.06272630393505 10 3 0 0 3 1 3.50000000000000
35 120.77882285676787 31.59101535925481 -1.63184487819672 0.06398768723011 10 3 0 0 3 1 3.50000000000000
36 120.77882176787502 31.59101021797658 -1.66937291622162 0.06723605841398 10 3 0 0 3 1 3.50000000000000
37 120.77882052728525 31.59100548703076 -1.70496094226837 0.06798499077559 10 3 0 0 3 1 3.50000000000000
38 120.77881896151443 31.59100044656490 -1.74313497543335 0.06800223141909 10 3 0 0 3 1 3.50000000000000
39 120.77881716647266 31.59099547922650 -1.78190886974335 0.06923821568489 10 3 0 0 3 1 3.50000000000000
40 120.77881531472478 31.59099093638333 -1.81801795959473 0.06868275254965 10 3 0 0 3 1 3.50000000000000
41 120.77881309068209 31.59098613202836 -1.85650491714478 0.06803346425295 10 3 0 0 3 1 3.50000000000000
42 120.77881067032526 31.59098142315469 -1.89537096023560 0.06897502392530 10 3 0 0 3 1 3.50000000000000
43 120.77880804848797 31.59097681275993 -1.93439388275146 0.06897234916687 10 3 0 0 3 1 3.50000000000000
44 120.77880545832491 31.59097262501219 -1.96983194351196 0.06935673952103 10 3 0 0 3 1 3.50000000000000
45 120.77880249303594 31.59096822348236 -2.00821781158447 0.06980990618467 10 3 0 0 3 1 3.50000000000000
46 120.77879927225378 31.59096402348352 -2.04763793945312 0.07488085329533 10 3 0 0 3 1 3.50000000000000
47 120.77879611932079 31.59096025685956 -2.08577394485474 0.07650192826986 10 3 0 0 3 1 3.50000000000000
48 120.77879259003977 31.59095635504883 -2.12705993652344 0.07552118599415 10 3 0 0 3 1 3.50000000000000
49 120.77878891986811 31.59095260728498 -2.16710090637207 0.07425681501627 10 3 0 0 3 1 3.50000000000000
50 120.77878535998580 31.59094926569546 -2.20349097251892 0.07439336180687 10 3 0 0 3 1 3.50000000000000
51 120.77878139331013 31.59094580358747 -2.24334192276001 0.07569596171379 10 3 0 0 3 1 3.50000000000000
52 120.77877729917904 31.59094250150578 -2.28255581855774 0.07675822824240 10 3 0 0 3 1 3.50000000000000
53 120.77877275051030 31.59093916350047 -2.32475781440735 0.07534782588482 10 3 0 0 3 1 3.50000000000000
54 120.77876842630066 31.59093619543589 -2.36195087432861 0.07043850421906 10 3 0 0 3 1 3.50000000000000
55 120.77876373485427 31.59093311969779 -2.39918303489685 0.06488567590714 10 3 0 0 3 1 3.50000000000000
56 120.77875930426612 31.59093033093469 -2.42892503738403 0.05419218912721 10 3 0 0 3 1 3.50000000000000
57 120.77875482801016 31.59092759711771 -2.45602989196777 0.05302983522415 10 3 0 0 3 1 3.50000000000000
58 120.77875001361782 31.59092481217381 -2.48399090766907 0.04904488846660 10 3 0 0 3 1 3.50000000000000
59 120.77874548912538 31.59092230782364 -2.50745701789856 0.04562413692474 10 3 0 0 3 1 3.50000000000000
60 120.77874092574811 31.59091989457360 -2.53058290481567 0.04395755007863 10 3 0 0 3 1 3.50000000000000
61 120.77873604740600 31.59091736562260 -2.55193901062012 0.03596563637257 10 3 0 0 3 1 3.50000000000000
62 120.77873151174444 31.59091502817651 -2.56867599487305 0.03145273402333 10 3 0 0 3 1 3.50000000000000
63 120.77872697368340 31.59091272104198 -2.58217000961304 0.02256468869746 10 3 0 0 3 1 3.50000000000000
64 120.77872216329241 31.59091025757162 -2.59231901168823 0.01775910519063 10 3 0 0 3 1 3.50000000000000
65 120.77871709343682 31.59090763442389 -2.60023403167725 0.01240543648601 10 3 0 0 3 1 3.50000000000000
66 120.77877376155929 31.59084220091037 0.48854738473892 0.00778528722003 10 3 0 0 3 1 3.50000000000000
67 120.77877853002700 31.59084456354011 0.49021938443184 -0.00080760323908 10 3 0 0 3 1 3.50000000000000
68 120.77878310255210 31.59084683565879 0.49207839369774 -0.00525456620380 10 3 0 0 3 1 3.50000000000000
69 120.77878777354638 31.59084916153212 0.49339640140533 -0.00357544003054 10 3 0 0 3 1 3.50000000000000
70 120.77879270358351 31.59085162696151 0.49519538879395 -0.00422170944512 10 3 0 0 3 1 3.50000000000000
71 120.77879761651631 31.59085405271794 0.49628138542175 0.00065676972736 10 3 0 0 3 1 3.50000000000000
72 120.77880219402668 31.59085630359778 0.49572139978409 0.00292557687499 10 3 0 0 3 1 3.50000000000000
73 120.77880681019084 31.59085848218166 0.49271640181541 0.00956833735108 10 3 0 0 3 1 3.50000000000000
74 120.77881192462083 31.59086084673093 0.48568737506866 0.01620125398040 10 3 0 0 3 1 3.50000000000000
75 120.77881702428476 31.59086307011762 0.47402137517929 0.02214164659381 10 3 0 0 3 1 3.50000000000000
76 120.77882208281541 31.59086511806646 0.45939537882805 0.03052552789450 10 3 0 0 3 1 3.50000000000000
77 120.77882705443555 31.59086701573758 0.44311937689781 0.03449572250247 10 3 0 0 3 1 3.50000000000000
78 120.77883220508994 31.59086883358776 0.42418539524078 0.03654344752431 10 3 0 0 3 1 3.50000000000000
79 120.77883718674748 31.59087042803989 0.40418037772179 0.04156366363168 10 3 0 0 3 1 3.50000000000000
80 120.77884260602073 31.59087204582635 0.38027739524841 0.04397336393595 10 3 0 0 3 1 3.50000000000000
81 120.77884852052729 31.59087363259081 0.35317939519882 0.04927441477776 10 3 0 0 3 1 3.50000000000000
82 120.77885416299281 31.59087498305956 0.32472839951515 0.05380935594440 10 3 0 0 3 1 3.50000000000000
83 120.77885991456117 31.59087616136008 0.29492339491844 0.05511216446757 10 3 0 0 3 1 3.50000000000000
84 120.77886538154402 31.59087706896729 0.26406139135361 0.06108023971319 10 3 0 0 3 1 3.50000000000000
85 120.77887130863850 31.59087782941792 0.22939239442348 0.06210482865572 10 3 0 0 3 1 3.50000000000000
86 120.77887728689480 31.59087841533553 0.19209939241409 0.06890495866537 10 3 0 0 3 1 3.50000000000000
87 120.77888297014454 31.59087877675099 0.15563239157200 0.06786781549454 10 3 0 0 3 1 3.50000000000000
88 120.77888833515148 31.59087893519983 0.12103039026260 0.06903343647718 10 3 0 0 3 1 3.50000000000000
89 120.77889373332820 31.59087892933679 0.08675938844681 0.06630607694387 10 3 0 0 3 1 3.50000000000000
90 120.77889956355284 31.59087873210273 0.04953138902783 0.06854906678200 10 3 0 0 3 1 3.50000000000000
91 120.77890503279109 31.59087837297827 0.01409338787198 0.06761945039034 10 3 0 0 3 1 3.50000000000000
92 120.77891054713209 31.59087785614032 -0.02145261131227 0.06842607259750 10 3 0 0 3 1 3.50000000000000
93 120.77891647705187 31.59087710502392 -0.06054361164570 0.06754610687494 10 3 0 0 3 1 3.50000000000000
94 120.77892203614151 31.59087622977527 -0.09686361253262 0.06714501231909 10 3 0 0 3 1 3.50000000000000
95 120.77892761701521 31.59087516181804 -0.13432660698891 0.06990880519152 10 3 0 0 3 1 3.50000000000000
96 120.77893323530066 31.59087389791290 -0.17190061509609 0.06693640351295 10 3 0 0 3 1 3.50000000000000
97 120.77893845288516 31.59087256633356 -0.20681561529636 0.06647983193398 10 3 0 0 3 1 3.50000000000000
98 120.77894409968849 31.59087094741859 -0.24362561106682 0.06334575265646 10 3 0 0 3 1 3.50000000000000
99 120.77894972598601 31.59086917872125 -0.27883261442184 0.06039410457015 10 3 0 0 3 1 3.50000000000000
100 120.77895494611849 31.59086737906702 -0.31025961041451 0.05787870660424 10 3 0 0 3 1 3.50000000000000
101 120.77896053678977 31.59086526962787 -0.34392160177231 0.05680058151484 10 3 0 0 3 1 3.50000000000000
102 120.77896531692004 31.59086333202486 -0.37351262569427 0.05792117118835 10 3 0 0 3 1 3.50000000000000
103 120.77897047734815 31.59086110855499 -0.40424659848213 0.05399321019650 10 3 0 0 3 1 3.50000000000000
104 120.77897519614487 31.59085892454834 -0.43160259723663 0.05499308183789 10 3 0 0 3 1 3.50000000000000
105 120.77897987348288 31.59085661176470 -0.45907962322235 0.05323116108775 10 3 0 0 3 1 3.50000000000000
106 120.77898452222554 31.59085419576983 -0.48655262589455 0.05166947469115 10 3 0 0 3 1 3.50000000000000
107 120.77898949280743 31.59085145400478 -0.51570463180542 0.05073307082057 10 3 0 0 3 1 3.50000000000000
108 120.77899402631829 31.59084879766932 -0.54153859615326 0.04946945235133 10 3 0 0 3 1 3.50000000000000
109 120.77899851504328 31.59084603627350 -0.56790959835052 0.04961314052343 10 3 0 0 3 1 3.50000000000000
110 120.77900294177000 31.59084315882215 -0.59505259990692 0.05135548487306 10 3 0 0 3 1 3.50000000000000
111 120.77900767054176 31.59083991993738 -0.62300562858582 0.04772425442934 10 3 0 0 3 1 3.50000000000000
112 120.77901194901922 31.59083681986506 -0.64857858419418 0.04977763816714 10 3 0 0 3 1 3.50000000000000
113 120.77901615022225 31.59083361055242 -0.67487162351608 0.04828764870763 10 3 0 0 3 1 3.50000000000000
114 120.77902062434451 31.59083004198792 -0.70162761211395 0.04643122851849 10 3 0 0 3 1 3.50000000000000
115 120.77902468247878 31.59082666341391 -0.72555559873581 0.04410334303975 10 3 0 0 3 1 3.50000000000000
116 120.77902866196972 31.59082318837459 -0.74895060062408 0.04231533035636 10 3 0 0 3 1 3.50000000000000
117 120.77903256668161 31.59081963673648 -0.77147358655930 0.04157954454422 10 3 0 0 3 1 3.50000000000000
118 120.77903671265244 31.59081571040988 -0.79590660333633 0.04284926503897 10 3 0 0 3 1 3.50000000000000
119 120.77904044940126 31.59081202014626 -0.81772059202194 0.03929987177253 10 3 0 0 3 1 3.50000000000000
120 120.77904410231835 31.59080827179829 -0.83801662921906 0.03603234514594 10 3 0 0 3 1 3.50000000000000
121 120.77904768940741 31.59080448898873 -0.85723561048508 0.03426394239068 10 3 0 0 3 1 3.50000000000000
122 120.77905149556182 31.59080035736971 -0.87624061107635 0.03156234696507 10 3 0 0 3 1 3.50000000000000
123 120.77905492527243 31.59079649918300 -0.89311259984970 0.03282966464758 10 3 0 0 3 1 3.50000000000000
124 120.77905828311475 31.59079261622887 -0.90977859497070 0.03163127601147 10 3 0 0 3 1 3.50000000000000
125 120.77906186215358 31.59078838427466 -0.92565459012985 0.02658624388278 10 3 0 0 3 1 3.50000000000000
126 120.77906512223393 31.59078446161485 -0.93836158514023 0.02232180163264 10 3 0 0 3 1 3.50000000000000
127 120.77906834444703 31.59078052849030 -0.94938158988953 0.01905485056341 10 3 0 0 3 1 3.50000000000000
128 120.77907156713860 31.59077661084486 -0.95746362209320 0.01457949262112 10 3 0 0 3 1 3.50000000000000
129 120.77907504063216 31.59077235401561 -0.96518063545227 0.01412696018815 10 3 0 0 3 1 3.50000000000000
130 120.77907823067004 31.59076842062607 -0.97170960903168 0.01256004814059 10 3 0 0 3 1 3.50000000000000
131 120.77908139038330 31.59076448875354 -0.97669959068298 0.00820739101619 10 3 0 0 3 1 3.50000000000000
132 120.77908455756030 31.59076056929841 -0.97996562719345 0.00435788184404 10 3 0 0 3 1 3.50000000000000
133 120.77908798652784 31.59075636248753 -0.98158162832260 0.00343137723394 10 3 0 0 3 1 3.50000000000000
134 120.77909115019311 31.59075250422797 -0.98196864128113 0.00018886993348 10 3 0 0 3 1 3.50000000000000
135 120.77909427334377 31.59074872677874 -0.98117560148239 -0.00098021165468 10 3 0 0 3 1 3.50000000000000
136 120.77909755080435 31.59074476839526 -0.98094964027405 -0.00093285978073 10 3 0 0 3 1 3.50000000000000
137 120.77927235644808 31.59081797619003 2.11368942260742 -0.00591046409681 10 3 0 0 3 1 3.50000000000000
138 120.77926938050267 31.59082175806593 2.11664342880249 -0.00886513106525 10 3 0 0 3 1 3.50000000000000
139 120.77926619505416 31.59082576166780 2.11998033523560 -0.00637719221413 10 3 0 0 3 1 3.50000000000000
140 120.77926307855226 31.59082966053582 2.12332940101624 -0.00748551357538 10 3 0 0 3 1 3.50000000000000
141 120.77926008307752 31.59083337829471 2.12644147872925 -0.00615320028737 10 3 0 0 3 1 3.50000000000000
142 120.77925697511907 31.59083719543785 2.12959742546082 -0.00671387370676 10 3 0 0 3 1 3.50000000000000
143 120.77925381150463 31.59084108881311 2.13278746604919 -0.00533065246418 10 3 0 0 3 1 3.50000000000000
144 120.77925063119770 31.59084502371026 2.13532638549805 -0.00375044229440 10 3 0 0 3 1 3.50000000000000
145 120.77924743668346 31.59084897893250 2.13666248321533 -0.00257615814917 10 3 0 0 3 1 3.50000000000000
146 120.77924427314521 31.59085291472845 2.13779139518738 0.00020853399474 10 3 0 0 3 1 3.50000000000000
147 120.77924118491119 31.59085679582805 2.13742947578430 0.00128370930906 10 3 0 0 3 1 3.50000000000000
148 120.77923798129797 31.59086084493609 2.13631248474121 0.00379056716338 10 3 0 0 3 1 3.50000000000000
149 120.77923491693083 31.59086475554341 2.13445639610291 0.00439203297719 10 3 0 0 3 1 3.50000000000000
150 120.77923164446891 31.59086904971948 2.13078832626343 0.00895471125841 10 3 0 0 3 1 3.50000000000000
151 120.77922876576615 31.59087291765984 2.12555027008057 0.01161673385650 10 3 0 0 3 1 3.50000000000000
152 120.77922564793788 31.59087715033206 2.11914849281311 0.01390395779163 10 3 0 0 3 1 3.50000000000000
153 120.77922276345261 31.59088122500315 2.11088037490845 0.01790175773203 10 3 0 0 3 1 3.50000000000000
154 120.77921992887053 31.59088541370154 2.09996247291565 0.02139746211469 10 3 0 0 3 1 3.50000000000000
155 120.77921733929780 31.59088937747083 2.08803844451904 0.02635741792619 10 3 0 0 3 1 3.50000000000000
156 120.77921469083599 31.59089374441071 2.07209348678589 0.03352431952953 10 3 0 0 3 1 3.50000000000000
157 120.77921216794731 31.59089816035807 2.05342030525208 0.03506749495864 10 3 0 0 3 1 3.50000000000000
158 120.77920994014923 31.59090231411948 2.03454327583313 0.03927632421255 10 3 0 0 3 1 3.50000000000000
159 120.77920769388669 31.59090684570905 2.01245832443237 0.04318154230714 10 3 0 0 3 1 3.50000000000000
160 120.77920559686052 31.59091142747904 1.98990333080292 0.04241689667106 10 3 0 0 3 1 3.50000000000000
161 120.77920375360760 31.59091572848498 1.96812343597412 0.04562272503972 10 3 0 0 3 1 3.50000000000000
162 120.77920188006105 31.59092040279456 1.94333434104919 0.04609007015824 10 3 0 0 3 1 3.50000000000000
163 120.77920019642232 31.59092514928173 1.91698133945465 0.04953930154443 10 3 0 0 3 1 3.50000000000000
164 120.77919876672888 31.59092960202702 1.89125633239746 0.05123217031360 10 3 0 0 3 1 3.50000000000000
165 120.77919741139443 31.59093447434010 1.86231434345245 0.05357128754258 10 3 0 0 3 1 3.50000000000000
166 120.77919620855687 31.59093939558570 1.83241343498230 0.05461604520679 10 3 0 0 3 1 3.50000000000000
167 120.77919526241034 31.59094402831350 1.80417537689209 0.05383662879467 10 3 0 0 3 1 3.50000000000000
168 120.77919442029187 31.59094907568821 1.77309143543243 0.05421537160873 10 3 0 0 3 1 3.50000000000000
169 120.77919379897961 31.59095417335277 1.74133133888245 0.05550599098206 10 3 0 0 3 1 3.50000000000000
170 120.77919338710089 31.59095897351986 1.71076035499573 0.05845882743597 10 3 0 0 3 1 3.50000000000000
171 120.77919312553711 31.59096417647271 1.67713344097137 0.05891605466604 10 3 0 0 3 1 3.50000000000000
172 120.77919309124539 31.59096943294633 1.64324343204498 0.05867788940668 10 3 0 0 3 1 3.50000000000000
173 120.77919322984151 31.59097434633327 1.61203634738922 0.05813185125589 10 3 0 0 3 1 3.50000000000000
174 120.77919352687209 31.59097891958337 1.58222937583923 0.05962060391903 10 3 0 0 3 1 3.50000000000000
175 120.77919398783131 31.59098351545650 1.55215036869049 0.05767754465342 10 3 0 0 3 1 3.50000000000000
176 120.77919461008881 31.59098813357146 1.52217042446136 0.05945595353842 10 3 0 0 3 1 3.50000000000000
177 120.77919546860434 31.59099314059867 1.48913240432739 0.06004706025124 10 3 0 0 3 1 3.50000000000000
178 120.77919641286502 31.59099773725300 1.45917832851410 0.05717932432890 10 3 0 0 3 1 3.50000000000000
179 120.77919750182892 31.59100230569506 1.42987835407257 0.05684433877468 10 3 0 0 3 1 3.50000000000000
180 120.77919885321805 31.59100720294128 1.39778137207031 0.05786224082112 10 3 0 0 3 1 3.50000000000000
181 120.77920026066043 31.59101166426191 1.36794435977936 0.05801010876894 10 3 0 0 3 1 3.50000000000000
182 120.77920182025589 31.59101606361035 1.33905839920044 0.05896960943937 10 3 0 0 3 1 3.50000000000000
183 120.77920363945488 31.59102075712476 1.30718541145325 0.05807043612003 10 3 0 0 3 1 3.50000000000000
184 120.77920543219332 31.59102502597502 1.27807736396790 0.05753649771214 10 3 0 0 3 1 3.50000000000000
185 120.77920738381572 31.59102921931350 1.24988043308258 0.05709363892674 10 3 0 0 3 1 3.50000000000000
186 120.77920985346674 31.59103400574064 1.21704041957855 0.05855454504490 10 3 0 0 3 1 3.50000000000000
187 120.77921229589286 31.59103835331885 1.18595540523529 0.05820769816637 10 3 0 0 3 1 3.50000000000000
188 120.77921503903995 31.59104294179394 1.15351843833923 0.05694587901235 10 3 0 0 3 1 3.50000000000000
189 120.77921792481493 31.59104743115942 1.12101340293884 0.05720260366797 10 3 0 0 3 1 3.50000000000000
190 120.77922075552924 31.59105148658203 1.09181535243988 0.05575882270932 10 3 0 0 3 1 3.50000000000000
191 120.77922398396262 31.59105574460536 1.06007242202759 0.05897615104914 10 3 0 0 3 1 3.50000000000000
192 120.77922734736184 31.59105990416302 1.02695143222809 0.05882070958614 10 3 0 0 3 1 3.50000000000000
193 120.77923058196974 31.59106367254509 0.99733239412308 0.05608644336462 10 3 0 0 3 1 3.50000000000000
194 120.77923420318420 31.59106761653779 0.96574038267136 0.05764835700393 10 3 0 0 3 1 3.50000000000000
195 120.77923795784709 31.59107142750323 0.93414336442947 0.05800411477685 10 3 0 0 3 1 3.50000000000000
196 120.77924185085919 31.59107513896575 0.90180039405823 0.06118438765407 10 3 0 0 3 1 3.50000000000000
197 120.77924559777379 31.59107846101063 0.87177139520645 0.06164501234889 10 3 0 0 3 1 3.50000000000000
198 120.77924977688306 31.59108192108636 0.83852136135101 0.06233884394169 10 3 0 0 3 1 3.50000000000000
199 120.77925410150901 31.59108525958357 0.80516141653061 0.06036578491330 10 3 0 0 3 1 3.50000000000000
200 120.77925823551625 31.59108823382050 0.77423238754272 0.06087380275130 10 3 0 0 3 1 3.50000000000000
201 120.77926280383627 31.59109133457947 0.74194240570068 0.05815240740776 10 3 0 0 3 1 3.50000000000000
202 120.77926747541215 31.59109432481798 0.71036440134048 0.05631955340505 10 3 0 0 3 1 3.50000000000000
203 120.77927190832791 31.59109703429783 0.68286037445068 0.05335586145520 10 3 0 0 3 1 3.50000000000000
204 120.77927672287132 31.59109986563203 0.65579736232758 0.04501509666443 10 3 0 0 3 1 3.50000000000000
205 120.77928159424751 31.59110261266212 0.63117235898972 0.04388886690140 10 3 0 0 3 1 3.50000000000000
206 120.77928613181582 31.59110507830032 0.60978138446808 0.04164217039943 10 3 0 0 3 1 3.50000000000000
207 120.77929101836421 31.59110766642067 0.58850336074829 0.03808603808284 10 3 0 0 3 1 3.50000000000000
208 120.77929589742810 31.59111017567928 0.56890040636063 0.03423810005188 10 3 0 0 3 1 3.50000000000000
209 120.77930111839761 31.59111279431714 0.55204737186432 0.02829186059535 10 3 0 0 3 1 3.50000000000000
210 120.77930597270900 31.59111522387964 0.53911638259888 0.02338074520230 10 3 0 0 3 1 3.50000000000000
211 120.77931079716247 31.59111765324779 0.52975839376450 0.01524442341179 10 3 0 0 3 1 3.50000000000000
212 120.77931590101689 31.59112022788398 0.52251636981964 0.01134709361941 10 3 0 0 3 1 3.50000000000000
213 120.77932059843562 31.59112255902616 0.51684540510178 0.01022009830922 10 3 0 0 3 1 3.50000000000000
214 120.77924411154260 31.59117428588741 -2.67442083358765 -0.01018384285271 10 3 0 0 3 1 3.50000000000000
215 120.77923944009723 31.59117187801911 -2.66839003562927 -0.01423348858953 10 3 0 0 3 1 3.50000000000000
216 120.77923485962977 31.59116959435142 -2.66174602508545 -0.01495106518269 10 3 0 0 3 1 3.50000000000000
217 120.77922989633547 31.59116705728006 -2.65532398223877 -0.01073935162276 10 3 0 0 3 1 3.50000000000000
218 120.77922500282902 31.59116459900424 -2.64943599700928 -0.00742658926174 10 3 0 0 3 1 3.50000000000000
219 120.77922029639718 31.59116225295194 -2.64459395408630 -0.00734753534198 10 3 0 0 3 1 3.50000000000000
220 120.77921575698102 31.59115995885961 -2.64026188850403 -0.01030869502574 10 3 0 0 3 1 3.50000000000000
221 120.77921108909624 31.59115759347215 -2.63667488098145 -0.00559106189758 10 3 0 0 3 1 3.50000000000000
222 120.77920636007210 31.59115514278855 -2.63408589363098 -0.00154754577670 10 3 0 0 3 1 3.50000000000000
223 120.77920158673032 31.59115269080527 -2.63310003280640 -0.00283249211498 10 3 0 0 3 1 3.50000000000000
224 120.77919686454922 31.59115029700894 -2.63287496566772 0.00106069294270 10 3 0 0 3 1 3.50000000000000
225 120.77919198873489 31.59114783537977 -2.63369297981262 0.00311806518584 10 3 0 0 3 1 3.50000000000000
226 120.77918728438061 31.59114548289807 -2.63710188865662 0.00821713637561 10 3 0 0 3 1 3.50000000000000
227 120.77918212369286 31.59114295800415 -2.64311289787292 0.01528078038245 10 3 0 0 3 1 3.50000000000000
228 120.77917743907352 31.59114078250159 -2.65187191963196 0.02024834230542 10 3 0 0 3 1 3.50000000000000
229 120.77917228117930 31.59113851302784 -2.66461992263794 0.02696621417999 10 3 0 0 3 1 3.50000000000000
230 120.77916731829986 31.59113646324576 -2.67940187454224 0.03256443142891 10 3 0 0 3 1 3.50000000000000
231 120.77916220016560 31.59113449667894 -2.69774484634399 0.03570967167616 10 3 0 0 3 1 3.50000000000000
232 120.77915730961914 31.59113275497397 -2.71753287315369 0.04383188858628 10 3 0 0 3 1 3.50000000000000
233 120.77915188199260 31.59113100975896 -2.74210095405579 0.04500105977058 10 3 0 0 3 1 3.50000000000000
234 120.77914627989256 31.59112939199089 -2.76760983467102 0.04823074117303 10 3 0 0 3 1 3.50000000000000
235 120.77914096027287 31.59112803437014 -2.79505181312561 0.05540638789535 10 3 0 0 3 1 3.50000000000000
236 120.77913505834850 31.59112679541320 -2.82854700088501 0.05933814868331 10 3 0 0 3 1 3.50000000000000
237 120.77912903128097 31.59112577297268 -2.86520481109619 0.06692968308926 10 3 0 0 3 1 3.50000000000000
238 120.77912333511264 31.59112502529926 -2.90231084823608 0.06808456778526 10 3 0 0 3 1 3.50000000000000
239 120.77911801618686 31.59112451156203 -2.93646788597107 0.06734047085047 10 3 0 0 3 1 3.50000000000000
240 120.77911265270941 31.59112415699466 -2.97122287750244 0.07043147087097 10 3 0 0 3 1 3.50000000000000
241 120.77910724549079 31.59112396282676 -3.00650596618652 0.07041279971600 10 3 0 0 3 1 3.50000000000000
242 120.77910134628728 31.59112391236885 -3.04498386383057 0.06887802481651 10 3 0 0 3 1 3.50000000000000
243 120.77909587601327 31.59112404400710 -3.08103585243225 0.06877282261848 10 3 0 0 3 1 3.50000000000000
244 120.77909038002365 31.59112434523475 -3.11707687377930 0.06888389587402 10 3 0 0 3 1 3.50000000000000
245 120.77908441667356 31.59112490248582 3.12600827217102 0.07230444997549 10 3 0 0 3 1 3.50000000000000
246 120.77907891668751 31.59112560112468 3.08756637573242 0.07245375216007 10 3 0 0 3 1 3.50000000000000
247 120.77907343149872 31.59112649039176 3.04855942726135 0.07309731841087 10 3 0 0 3 1 3.50000000000000
248 120.77906797247519 31.59112756458620 3.00932049751282 0.07387677580118 10 3 0 0 3 1 3.50000000000000
249 120.77906208800280 31.59112894419427 2.96670842170715 0.07287390530109 10 3 0 0 3 1 3.50000000000000
250 120.77905668913579 31.59113040949068 2.92721939086914 0.07389392703772 10 3 0 0 3 1 3.50000000000000
251 120.77905135407038 31.59113204704888 2.88804340362549 0.07267156988382 10 3 0 0 3 1 3.50000000000000
252 120.77904607513217 31.59113386198802 2.84872937202454 0.07378534972668 10 3 0 0 3 1 3.50000000000000
253 120.77904042566675 31.59113600907986 2.80703735351562 0.07223810255527 10 3 0 0 3 1 3.50000000000000
254 120.77903529200073 31.59113818050708 2.76842141151428 0.07330296188593 10 3 0 0 3 1 3.50000000000000
255 120.77903025114279 31.59114053077874 2.72919535636902 0.07054343819618 10 3 0 0 3 1 3.50000000000000
256 120.77902488748032 31.59114325827462 2.68817949295044 0.07012292742729 10 3 0 0 3 1 3.50000000000000
257 120.77902002626323 31.59114593848998 2.65039443969727 0.06994573026896 10 3 0 0 3 1 3.50000000000000
258 120.77901529144791 31.59114878846721 2.61223649978638 0.06903589516878 10 3 0 0 3 1 3.50000000000000
259 120.77901067563995 31.59115178483913 2.57458949089050 0.06832823902369 10 3 0 0 3 1 3.50000000000000
260 120.77900655058036 31.59115465075138 2.53981041908264 0.06748973578215 10 3 0 0 3 1 3.50000000000000
261 120.77900219531929 31.59115791704044 2.50246143341064 0.06571918725967 10 3 0 0 3 1 3.50000000000000
262 120.77899797861340 31.59116130818989 2.46668529510498 0.06523989140987 10 3 0 0 3 1 3.50000000000000
263 120.77899388895327 31.59116479731393 2.43185448646545 0.06207308918238 10 3 0 0 3 1 3.50000000000000
264 120.77898958881327 31.59116863286569 2.39780831336975 0.05622444301844 10 3 0 0 3 1 3.50000000000000
265 120.77898574055104 31.59117223644711 2.36919736862183 0.05196174234152 10 3 0 0 3 1 3.50000000000000
266 120.77898200152201 31.59117589088872 2.34196829795837 0.04977309331298 10 3 0 0 3 1 3.50000000000000
267 120.77897808793729 31.59117991078191 2.31332945823669 0.04980304464698 10 3 0 0 3 1 3.50000000000000
268 120.77897458768120 31.59118366634318 2.28858637809753 0.04425493627787 10 3 0 0 3 1 3.50000000000000
269 120.77897117734899 31.59118746144085 2.26598930358887 0.04103429615498 10 3 0 0 3 1 3.50000000000000
270 120.77896784229854 31.59119127764992 2.24572539329529 0.03810690715909 10 3 0 0 3 1 3.50000000000000
271 120.77896426167260 31.59119540913506 2.22790932655334 0.02836294099689 10 3 0 0 3 1 3.50000000000000
272 120.77896097354244 31.59119920693724 2.21433138847351 0.02290422283113 10 3 0 0 3 1 3.50000000000000
273 120.77895770523453 31.59120299838292 2.20361447334290 0.01692826114595 10 3 0 0 3 1 3.50000000000000
274 120.77895445738686 31.59120678623486 2.19532036781311 0.01637525483966 10 3 0 0 3 1 3.50000000000000
275 120.77895094623759 31.59121087334124 2.18861246109009 0.00979625154287 10 3 0 0 3 1 3.50000000000000
276 120.77894771310793 31.59121467703786 2.18285250663757 0.00883750617504 10 3 0 0 3 1 3.50000000000000
277 120.77894446178503 31.59121849301931 2.17861533164978 0.00706393457949 10 3 0 0 3 1 3.50000000000000
278 120.77894094375435 31.59122264710167 2.17499446868896 0.00479820556939 10 3 0 0 3 1 3.50000000000000
279 120.77893770349314 31.59122649447547 2.17253446578979 0.00512702623382 10 3 0 0 3 1 3.50000000000000
280 120.77893446528810 31.59123035704467 2.17062449455261 0.00414448371157 10 3 0 0 3 1 3.50000000000000
281 120.77893123407176 31.59123423710216 2.16826343536377 0.00502473674715 10 3 0 0 3 1 3.50000000000000
282 120.77892777042248 31.59123843716656 2.16548728942871 0.00395239097998 10 3 0 0 3 1 3.50000000000000
283 120.77892459713858 31.59124230280690 2.16328430175781 0.00522627448663 10 3 0 0 3 1 3.50000000000000
284 120.77892144774279 31.59124615593624 2.16129231452942 0.00542350485921 10 3 0 0 3 1 3.50000000000000
285 120.77876261727054 31.59116227709396 -1.00103461742401 -0.00368893356062 10 3 0 0 3 1 3.50000000000000
286 120.77876584872631 31.59115848069143 -0.99736261367798 -0.00824411958456 10 3 0 0 3 1 3.50000000000000
287 120.77876893871671 31.59115478648667 -0.99677360057831 0.00493372557685 10 3 0 0 3 1 3.50000000000000
288 120.77877191514249 31.59115093893987 -1.00292456150055 0.01442131120712 10 3 0 0 3 1 3.50000000000000
289 120.77877487841634 31.59114702258048 -1.00844156742096 0.01174668408930 10 3 0 0 3 1 3.50000000000000
290 120.77877792597747 31.59114293097712 -1.01391363143921 0.01027308031917 10 3 0 0 3 1 3.50000000000000
291 120.77878074192692 31.59113903764095 -1.01918566226959 0.01035480387509 10 3 0 0 3 1 3.50000000000000
292 120.77878373104397 31.59113485269778 -1.02498459815979 0.00979507435113 10 3 0 0 3 1 3.50000000000000
293 120.77878653341001 31.59113095119478 -1.02941060066223 0.01125817745924 10 3 0 0 3 1 3.50000000000000
294 120.77878931589811 31.59112693503521 -1.03452563285828 0.00987122207880 10 3 0 0 3 1 3.50000000000000
295 120.77879230508208 31.59112261304454 -1.03952455520630 0.00828114524484 10 3 0 0 3 1 3.50000000000000
296 120.77879526513618 31.59111828108825 -1.04464757442474 0.00998851191252 10 3 0 0 3 1 3.50000000000000
297 120.77879815881971 31.59111403816803 -1.04981863498688 0.01076594274491 10 3 0 0 3 1 3.50000000000000
298 120.77880118256708 31.59110959230033 -1.05495357513428 0.00876423902810 10 3 0 0 3 1 3.50000000000000
299 120.77880403935974 31.59110532678032 -1.06003558635712 0.01026299875230 10 3 0 0 3 1 3.50000000000000
300 120.77880673664754 31.59110124974283 -1.06507456302643 0.00866588577628 10 3 0 0 3 1 3.50000000000000
301 120.77880953740630 31.59109706369053 -1.07032763957977 0.01001865975559 10 3 0 0 3 1 3.50000000000000
302 120.77881261195817 31.59109239286374 -1.07611763477325 0.00773254362866 10 3 0 0 3 1 3.50000000000000
303 120.77881547008451 31.59108798149609 -1.08066260814667 0.00852701440454 10 3 0 0 3 1 3.50000000000000
304 120.77881836484221 31.59108349023337 -1.08580458164215 0.00868012011051 10 3 0 0 3 1 3.50000000000000
305 120.77882130696757 31.59107892314691 -1.09031856060028 0.00789898075163 10 3 0 0 3 1 3.50000000000000
306 120.77882399083516 31.59107466170274 -1.09543359279633 0.01168160047382 10 3 0 0 3 1 3.50000000000000
307 120.77882692213478 31.59106993801306 -1.10047459602356 0.00762566411868 10 3 0 0 3 1 3.50000000000000
308 120.77882986060335 31.59106515937977 -1.10498857498169 0.00943393446505 10 3 0 0 3 1 3.50000000000000
309 120.77883229005803 31.59106112957061 -1.10984861850739 0.00898315943778 10 3 0 0 3 1 3.50000000000000
310 120.77883496589421 31.59105666945149 -1.11442255973816 0.00764713110402 10 3 0 0 3 1 3.50000000000000
311 120.77883742971902 31.59105260733552 -1.11823964118958 0.00881854817271 10 3 0 0 3 1 3.50000000000000
312 120.77883986895694 31.59104852439234 -1.12242555618286 0.00806120876223 10 3 0 0 3 1 3.50000000000000
313 120.77884232206213 31.59104444577864 -1.12497758865356 0.00316424341872 10 3 0 0 3 1 3.50000000000000
314 120.77884502035810 31.59103994482332 -1.12629663944244 0.00229001953267 10 3 0 0 3 1 3.50000000000000
315 120.77884750533255 31.59103588012563 -1.12774062156677 0.00282553071156 10 3 0 0 3 1 3.50000000000000
316 120.77884999854497 31.59103180075397 -1.12766361236572 -0.00276156817563 10 3 0 0 3 1 3.50000000000000
317 120.77885251001933 31.59102773875734 -1.12590563297272 -0.00233984529041 10 3 0 0 3 1 3.50000000000000
318 120.77885528401963 31.59102331439744 -1.12461364269257 -0.00334957684390 10 3 0 0 3 1 3.50000000000000
319 120.77885781166287 31.59101933617078 -1.12156760692596 -0.00736596947536 10 3 0 0 3 1 3.50000000000000
320 120.77886087567052 31.59101463420846 -1.11566460132599 -0.01019984204322 10 3 0 0 3 1 3.50000000000000
321 120.77886396244286 31.59101001118578 -1.10934066772461 -0.01226502563804 10 3 0 0 3 1 3.50000000000000
322 120.77886683196945 31.59100584807379 -1.10216057300568 -0.01427312288433 10 3 0 0 3 1 3.50000000000000
323 120.77886999380461 31.59100137034954 -1.09371364116669 -0.01364189200103 10 3 0 0 3 1 3.50000000000000
324 120.77887317118957 31.59099695861610 -1.08494758605957 -0.01552836131305 10 3 0 0 3 1 3.50000000000000
325 120.77887636781976 31.59099262711484 -1.07497859001160 -0.01802003197372 10 3 0 0 3 1 3.50000000000000
326 120.77887934208461 31.59098873297787 -1.06514763832092 -0.01919430121779 10 3 0 0 3 1 3.50000000000000
327 120.77888260871133 31.59098454206259 -1.05491566658020 -0.01803796552122 10 3 0 0 3 1 3.50000000000000
328 120.77888588123272 31.59098041836324 -1.04430460929871 -0.01955444738269 10 3 0 0 3 1 3.50000000000000
329 120.77888918912049 31.59097636210008 -1.03279161453247 -0.02191834896803 10 3 0 0 3 1 3.50000000000000
330 120.77889281227942 31.59097207168915 -1.02038764953613 -0.02016903087497 10 3 0 0 3 1 3.50000000000000
331 120.77889619018026 31.59096818539422 -1.00778257846832 -0.02509772963822 10 3 0 0 3 1 3.50000000000000
332 120.77889959496093 31.59096437410362 -0.99518460035324 -0.02128168568015 10 3 0 0 3 1 3.50000000000000
333 120.77890329589465 31.59096031742979 -0.98218858242035 -0.02356777153909 10 3 0 0 3 1 3.50000000000000
334 120.77890674828363 31.59095667148764 -0.96875762939453 -0.02778326533735 10 3 0 0 3 1 3.50000000000000
335 120.77891025349193 31.59095310970183 -0.95424360036850 -0.02882545068860 10 3 0 0 3 1 3.50000000000000
336 120.77891381977912 31.59094961837165 -0.93858063220978 -0.03182228654623 10 3 0 0 3 1 3.50000000000000
337 120.77891778530557 31.59094592165080 -0.92019063234329 -0.03270548582077 10 3 0 0 3 1 3.50000000000000
338 120.77892154204569 31.59094255502498 -0.90277862548828 -0.03406233340502 10 3 0 0 3 1 3.50000000000000
339 120.77892537956393 31.59093924710675 -0.88471859693527 -0.03646873682737 10 3 0 0 3 1 3.50000000000000
340 120.77892928744163 31.59093600688944 -0.86547863483429 -0.03769324719906 10 3 0 0 3 1 3.50000000000000
341 120.77893360826533 31.59093262293806 -0.84299260377884 -0.04163908958435 10 3 0 0 3 1 3.50000000000000
342 120.77893769881464 31.59092963119960 -0.81923460960388 -0.04977649822831 10 3 0 0 3 1 3.50000000000000
343 120.77894189500950 31.59092677673381 -0.79342961311340 -0.05101928859949 10 3 0 0 3 1 3.50000000000000
344 120.77894655899070 31.59092383194374 -0.76259362697601 -0.05984539538622 10 3 0 0 3 1 3.50000000000000
345 120.77895099378678 31.59092129695975 -0.73060458898544 -0.06588910520077 10 3 0 0 3 1 3.50000000000000
346 120.77895552834777 31.59091893673374 -0.69722658395767 -0.06660583615303 10 3 0 0 3 1 3.50000000000000
347 120.77896015003918 31.59091675082669 -0.66288161277771 -0.07099909335375 10 3 0 0 3 1 3.50000000000000
348 120.77896522105178 31.59091457091203 -0.62419563531876 -0.07303783297539 10 3 0 0 3 1 3.50000000000000
349 120.77897077306899 31.59091242956388 -0.58166658878326 -0.07397844642401 10 3 0 0 3 1 3.50000000000000
350 120.77897639019226 31.59091056481512 -0.53755360841751 -0.07943089306355 10 3 0 0 3 1 3.50000000000000
351 120.77898167313350 31.59090906546249 -0.49580362439156 -0.07878165692091 10 3 0 0 3 1 3.50000000000000
352 120.77898738906507 31.59090770899640 -0.44987261295319 -0.08338959515095 10 3 0 0 3 1 3.50000000000000
353 120.77899313791281 31.59090659945009 -0.40245661139488 -0.08534587174654 10 3 0 0 3 1 3.50000000000000
354 120.77899892330926 31.59090575432349 -0.35429361462593 -0.08944596350193 10 3 0 0 3 1 3.50000000000000
355 120.77900430713994 31.59090524642754 -0.30776962637901 -0.09165838360786 10 3 0 0 3 1 3.50000000000000
356 120.77901014542525 31.59090494328868 -0.25663262605667 -0.09114620089531 10 3 0 0 3 1 3.50000000000000
357 120.77901596131315 31.59090492724539 -0.20469661056995 -0.09546832740307 10 3 0 0 3 1 3.50000000000000
358 120.77902135074338 31.59090515926472 -0.15568061172962 -0.09586839377880 10 3 0 0 3 1 3.50000000000000
359 120.77902710189359 31.59090567431476 -0.10176660865545 -0.09903889149427 10 3 0 0 3 1 3.50000000000000
360 120.77903279951838 31.59090643875134 -0.04823361337185 -0.09713736921549 10 3 0 0 3 1 3.50000000000000
361 120.77903802299934 31.59090739494231 0.00094438804081 -0.09832528978586 10 3 0 0 3 1 3.50000000000000
362 120.77904354287710 31.59090866627496 0.05447938665748 -0.09933087974787 10 3 0 0 3 1 3.50000000000000
363 120.77904896349544 31.59091019202249 0.10886238515377 -0.10373065620661 10 3 0 0 3 1 3.50000000000000
364 120.77905457377220 31.59091214553494 0.16902038455009 -0.10705758631229 10 3 0 0 3 1 3.50000000000000
365 120.77905963323897 31.59091423699894 0.22569338977337 -0.10635165125132 10 3 0 0 3 1 3.50000000000000
366 120.77906453400658 31.59091652721824 0.28154838085175 -0.10914290696383 10 3 0 0 3 1 3.50000000000000
367 120.77906957589407 31.59091923447023 0.34202039241791 -0.10872512310743 10 3 0 0 3 1 3.50000000000000
368 120.77907408992833 31.59092197273784 0.39730039238930 -0.10584544390440 10 3 0 0 3 1 3.50000000000000
369 120.77907838187349 31.59092488363709 0.45155638456345 -0.10304974764585 10 3 0 0 3 1 3.50000000000000
370 120.77908275375854 31.59092815303681 0.50736141204834 -0.09930022060871 10 3 0 0 3 1 3.50000000000000
371 120.77908662037861 31.59093132210715 0.55731636285782 -0.09739559143782 10 3 0 0 3 1 3.50000000000000
372 120.77909030104152 31.59093460199455 0.60413438081741 -0.09140768647194 10 3 0 0 3 1 3.50000000000000
373 120.77909407798820 31.59093819904203 0.65148937702179 -0.08769761770964 10 3 0 0 3 1 3.50000000000000
374 120.77909751418041 31.59094163041634 0.69199538230896 -0.07599905133247 10 3 0 0 3 1 3.50000000000000
375 120.77910090165089 31.59094512473398 0.72757339477539 -0.06584341824055 10 3 0 0 3 1 3.50000000000000
376 120.77910449416680 31.59094893957515 0.76021939516068 -0.05372041091323 10 3 0 0 3 1 3.50000000000000
377 120.77910784839921 31.59095254501737 0.78590840101242 -0.04666083306074 10 3 0 0 3 1 3.50000000000000
378 120.77911122869054 31.59095617091226 0.80660736560822 -0.03580427169800 10 3 0 0 3 1 3.50000000000000
379 120.77911488360272 31.59096009022391 0.82415139675140 -0.02906415238976 10 3 0 0 3 1 3.50000000000000
380 120.77911833585735 31.59096377301430 0.83647841215134 -0.02079744078219 10 3 0 0 3 1 3.50000000000000
381 120.77912182915830 31.59096748623657 0.84521639347076 -0.01496267318726 10 3 0 0 3 1 3.50000000000000
382 120.77912561490382 31.59097148520291 0.85234236717224 -0.01211482100189 10 3 0 0 3 1 3.50000000000000
383 120.77912917334869 31.59097526745352 0.85859340429306 -0.01133311167359 10 3 0 0 3 1 3.50000000000000
384 120.77913273133915 31.59097910537787 0.86443436145782 -0.01017444115132 10 3 0 0 3 1 3.50000000000000
385 120.77913657055952 31.59098325794887 0.86911636590958 -0.00760886725038 10 3 0 0 3 1 3.50000000000000
386 120.77914017641046 31.59098717377094 0.87265241146088 -0.00686798850074 10 3 0 0 3 1 3.50000000000000
387 120.77914381632574 31.59099113287678 0.87493240833282 -0.00116681458894 10 3 0 0 3 1 3.50000000000000
388 120.77914750355686 31.59099510751656 0.87542539834976 -0.00068975024624 10 3 0 0 3 1 3.50000000000000
389 120.77915095566641 31.59099882238296 0.87569236755371 -0.00040736753726 10 3 0 0 3 1 3.50000000000000
390 120.77915472058065 31.59100284215839 0.87445837259293 0.00292012863792 10 3 0 0 3 1 3.50000000000000
391 120.77915879511991 31.59100717058429 0.87244236469269 0.00489814672619 10 3 0 0 3 1 3.50000000000000
392 120.77916264625563 31.59101121421379 0.87031739950180 0.00331128411926 10 3 0 0 3 1 3.50000000000000
393 120.77916653559208 31.59101528679249 0.86706137657166 0.00586039060727 10 3 0 0 3 1 3.50000000000000
394 120.77916990280679 31.59101877847372 0.86323636770248 0.00886184256524 10 3 0 0 3 1 3.50000000000000
395 120.77917360465408 31.59102255643828 0.85841536521912 0.01109005231410 10 3 0 0 3 1 3.50000000000000
396 120.77917709215276 31.59102603001591 0.85311138629913 0.01305656693876 10 3 0 0 3 1 3.50000000000000
397 120.77918064035539 31.59102948607449 0.84602141380310 0.01471555326134 10 3 0 0 3 1 3.50000000000000
398 120.77918452947679 31.59103322428262 0.83671540021896 0.01650939323008 10 3 0 0 3 1 3.50000000000000
399 120.77918816481395 31.59103664432961 0.82742840051651 0.01870622113347 10 3 0 0 3 1 3.50000000000000
400 120.77919188008060 31.59104000853779 0.81627440452576 0.02288799919188 10 3 0 0 3 1 3.50000000000000
401 120.77919596455058 31.59104357199926 0.80406635999680 0.02269440889359 10 3 0 0 3 1 3.50000000000000
402 120.77919975811709 31.59104681303878 0.79284441471100 0.02309058234096 10 3 0 0 3 1 3.50000000000000
403 120.77920357434817 31.59105000021591 0.78054040670395 0.02517155930400 10 3 0 0 3 1 3.50000000000000
404 120.77920741587104 31.59105313848380 0.76867640018463 0.02414934150875 10 3 0 0 3 1 3.50000000000000
405 120.77921159927432 31.59105646895798 0.75650936365128 0.02419015020132 10 3 0 0 3 1 3.50000000000000
406 120.77921613119247 31.59105999261397 0.74205040931702 0.02580408938229 10 3 0 0 3 1 3.50000000000000
407 120.77922068149989 31.59106345795945 0.72826141119003 0.02440166845918 10 3 0 0 3 1 3.50000000000000
408 120.77922495559069 31.59106657472350 0.71547740697861 0.02414898760617 10 3 0 0 3 1 3.50000000000000
409 120.77922958366686 31.59106986669000 0.70111238956451 0.02567446045578 10 3 0 0 3 1 3.50000000000000
410 120.77923423144532 31.59107307193325 0.68679738044739 0.02612433396280 10 3 0 0 3 1 3.50000000000000
411 120.77923857224290 31.59107599427609 0.67285341024399 0.02568802051246 10 3 0 0 3 1 3.50000000000000
412 120.77924325512093 31.59107908525847 0.65921741724014 0.02406483143568 10 3 0 0 3 1 3.50000000000000
413 120.77924795123491 31.59108209080646 0.64515638351440 0.02667952515185 10 3 0 0 3 1 3.50000000000000
414 120.77925231508466 31.59108479038550 0.63286536931992 0.02217600308359 10 3 0 0 3 1 3.50000000000000
415 120.77925703239762 31.59108763020594 0.62023341655731 0.02629933133721 10 3 0 0 3 1 3.50000000000000
416 120.77926174440495 31.59109039989388 0.60729640722275 0.02112859673798 10 3 0 0 3 1 3.50000000000000
417 120.77926676489338 31.59109332806046 0.59567636251450 0.01941559650004 10 3 0 0 3 1 3.50000000000000
418 120.77927144433741 31.59109599798238 0.58618140220642 0.01631936803460 10 3 0 0 3 1 3.50000000000000
419 120.77927610633130 31.59109862819716 0.57722336053848 0.01665360853076 10 3 0 0 3 1 3.50000000000000
420 120.77928107356051 31.59110137548127 0.56781238317490 0.01808368787169 10 3 0 0 3 1 3.50000000000000
421 120.77928568909009 31.59110386960657 0.55886739492416 0.01655572280288 10 3 0 0 3 1 3.50000000000000
422 120.77929025397721 31.59110630869064 0.55059140920639 0.01438457798213 10 3 0 0 3 1 3.50000000000000
423 120.77929511080895 31.59110883148943 0.54116737842560 0.01876831054688 10 3 0 0 3 1 3.50000000000000
424 120.77930018162920 31.59111143164845 0.53284239768982 0.01495274249464 10 3 0 0 3 1 3.50000000000000
425 120.77930504068595 31.59111389963937 0.52544337511063 0.01459092181176 10 3 0 0 3 1 3.50000000000000
426 120.77930993386306 31.59111640648021 0.51875537633896 0.01022313814610 10 3 0 0 3 1 3.50000000000000
427 120.77931480394405 31.59111885888427 0.51336640119553 0.01004531141371 10 3 0 0 3 1 3.50000000000000
428 120.77931965968308 31.59112128152684 0.50940036773682 0.00914312805980 10 3 0 0 3 1 3.50000000000000
429 120.77932441849397 31.59112367953993 0.50595736503601 0.00548415537924 10 3 0 0 3 1 3.50000000000000
430 120.77924363748899 31.59117386919390 -2.67006397247314 -0.00855711381882 10 3 0 0 3 1 3.50000000000000
431 120.77923891389635 31.59117144607668 -2.66370201110840 -0.01142790541053 10 3 0 0 3 1 3.50000000000000
432 120.77923405892660 31.59116895253277 -2.65772891044617 -0.00843030866235 10 3 0 0 3 1 3.50000000000000
433 120.77922928368115 31.59116656082672 -2.65382790565491 -0.00392917077988 10 3 0 0 3 1 3.50000000000000
434 120.77922455097251 31.59116429721554 -2.65359282493591 0.00124357047025 10 3 0 0 3 1 3.50000000000000
435 120.77921959185494 31.59116194103313 -2.65518403053284 0.00590787641704 10 3 0 0 3 1 3.50000000000000
436 120.77921451085450 31.59115956949409 -2.65897297859192 0.00836605485529 10 3 0 0 3 1 3.50000000000000
437 120.77920934917394 31.59115724800687 -2.66482090950012 0.01084257382900 10 3 0 0 3 1 3.50000000000000
438 120.77920415170126 31.59115495559800 -2.67264485359192 0.01433063857257 10 3 0 0 3 1 3.50000000000000
439 120.77919926797820 31.59115287335516 -2.68135881423950 0.01520158536732 10 3 0 0 3 1 3.50000000000000
440 120.77919448832485 31.59115090279483 -2.69100499153137 0.01925811544061 10 3 0 0 3 1 3.50000000000000
441 120.77918923009604 31.59114880353059 -2.70141196250916 0.02416953817010 10 3 0 0 3 1 3.50000000000000
442 120.77918384012385 31.59114670871869 -2.71517896652222 0.02643950656056 10 3 0 0 3 1 3.50000000000000
443 120.77917862524544 31.59114476223202 -2.72882986068726 0.02631153166294 10 3 0 0 3 1 3.50000000000000
444 120.77917359450143 31.59114298779577 -2.74239897727966 0.02565932832658 10 3 0 0 3 1 3.50000000000000
445 120.77916843389623 31.59114125860431 -2.75786399841309 0.03070626035333 10 3 0 0 3 1 3.50000000000000
446 120.77916349430855 31.59113968477364 -2.77280402183533 0.03169528022408 10 3 0 0 3 1 3.50000000000000
447 120.77915803338286 31.59113805271237 -2.79035091400146 0.03650708496571 10 3 0 0 3 1 3.50000000000000
448 120.77915242128897 31.59113648664163 -2.80918502807617 0.03487794846296 10 3 0 0 3 1 3.50000000000000
449 120.77914707830206 31.59113512796085 -2.82846093177795 0.03768265992403 10 3 0 0 3 1 3.50000000000000
450 120.77914121982563 31.59113375982187 -2.85010385513306 0.03831272199750 10 3 0 0 3 1 3.50000000000000
451 120.77913609786833 31.59113270335579 -2.86986780166626 0.04129749163985 10 3 0 0 3 1 3.50000000000000
452 120.77913044781430 31.59113170274047 -2.89308500289917 0.04298769682646 10 3 0 0 3 1 3.50000000000000
453 120.77912516059276 31.59113087753615 -2.91616296768188 0.04682508483529 10 3 0 0 3 1 3.50000000000000
454 120.77911983162950 31.59113014708976 -2.94018101692200 0.04750921949744 10 3 0 0 3 1 3.50000000000000
455 120.77911446265247 31.59112953334612 -2.96437883377075 0.04630066826940 10 3 0 0 3 1 3.50000000000000
456 120.77910859381443 31.59112902059112 -2.99011492729187 0.04665138572454 10 3 0 0 3 1 3.50000000000000
457 120.77910316190282 31.59112865246839 -3.01394987106323 0.04666109755635 10 3 0 0 3 1 3.50000000000000
458 120.77909771015389 31.59112838898076 -3.03788995742798 0.04597700387239 10 3 0 0 3 1 3.50000000000000
459 120.77909226369103 31.59112822878285 -3.06206488609314 0.04468747228384 10 3 0 0 3 1 3.50000000000000
460 120.77908637377217 31.59112815474086 -3.08624792098999 0.04293011873960 10 3 0 0 3 1 3.50000000000000
461 120.77908094433322 31.59112818177548 -3.10808587074280 0.04095400869846 10 3 0 0 3 1 3.50000000000000
462 120.77907554148226 31.59112827021695 -3.12803602218628 0.03629051521420 10 3 0 0 3 1 3.50000000000000
463 120.77907015301594 31.59112840220957 3.13776040077209 0.03214545547962 10 3 0 0 3 1 3.50000000000000
464 120.77906433451938 31.59112856199190 3.12199950218201 0.02521692030132 10 3 0 0 3 1 3.50000000000000
465 120.77905897417163 31.59112869847638 3.11122536659241 0.01822119764984 10 3 0 0 3 1 3.50000000000000
466 120.77905363322996 31.59112880973468 3.10402441024780 0.01161712873727 10 3 0 0 3 1 3.50000000000000
467 120.77904786572388 31.59112887516518 3.10011243820190 0.00508364243433 10 3 0 0 3 1 3.50000000000000
468 120.77904256467400 31.59112888959713 3.09934735298157 -0.00039750547148 10 3 0 0 3 1 3.50000000000000
469 120.77903728634423 31.59112884127464 3.10186743736267 -0.00651511922479 10 3 0 0 3 1 3.50000000000000
470 120.77903201363623 31.59112873388391 3.10669231414795 -0.01025049947202 10 3 0 0 3 1 3.50000000000000
471 120.77902631571141 31.59112852467336 3.11429643630981 -0.01818722672760 10 3 0 0 3 1 3.50000000000000
472 120.77902104361760 31.59112826508998 3.12362742424011 -0.01989479549229 10 3 0 0 3 1 3.50000000000000
473 120.77901576355880 31.59112793295949 3.13483738899231 -0.02428301982582 10 3 0 0 3 1 3.50000000000000
474 120.77901003366581 31.59112748356957 -3.13412094116211 -0.02592553012073 10 3 0 0 3 1 3.50000000000000
475 120.77900475266358 31.59112696103381 -3.11952495574951 -0.03078683838248 10 3 0 0 3 1 3.50000000000000
476 120.77899947838429 31.59112633863666 -3.10372996330261 -0.03298529610038 10 3 0 0 3 1 3.50000000000000
477 120.77899420913525 31.59112564269469 -3.08658981323242 -0.03248429298401 10 3 0 0 3 1 3.50000000000000
478 120.77898850715563 31.59112480446133 -3.06769394874573 -0.03491332754493 10 3 0 0 3 1 3.50000000000000
479 120.77898326716816 31.59112394674432 -3.04980683326721 -0.03536715731025 10 3 0 0 3 1 3.50000000000000
480 120.77897805018169 31.59112299931351 -3.03173780441284 -0.03438556566834 10 3 0 0 3 1 3.50000000000000
481 120.77897243500821 31.59112187460337 -3.01106786727905 -0.03730320930481 10 3 0 0 3 1 3.50000000000000
482 120.77896727626424 31.59112074780395 -2.99178600311279 -0.03822742402554 10 3 0 0 3 1 3.50000000000000
483 120.77896216031560 31.59111952957828 -2.97199892997742 -0.04120887815952 10 3 0 0 3 1 3.50000000000000
484 120.77895665521650 31.59111808240613 -2.94940185546875 -0.04191430285573 10 3 0 0 3 1 3.50000000000000
485 120.77895161302479 31.59111665802375 -2.92862701416016 -0.04104750603437 10 3 0 0 3 1 3.50000000000000
486 120.77894661636599 31.59111513194294 -2.90648388862610 -0.04660549387336 10 3 0 0 3 1 3.50000000000000
487 120.77894167059753 31.59111348830853 -2.88328695297241 -0.04578696191311 10 3 0 0 3 1 3.50000000000000
488 120.77893637300599 31.59111157687959 -2.85802102088928 -0.04821266978979 10 3 0 0 3 1 3.50000000000000
489 120.77893154622637 31.59110969106650 -2.83255600929260 -0.05299057066441 10 3 0 0 3 1 3.50000000000000
490 120.77892679684281 31.59110766710189 -2.80564689636230 -0.05472317710519 10 3 0 0 3 1 3.50000000000000
491 120.77892175453056 31.59110533520462 -2.77507781982422 -0.05797775834799 10 3 0 0 3 1 3.50000000000000
492 120.77891717702245 31.59110303789261 -2.74538898468018 -0.06137056648731 10 3 0 0 3 1 3.50000000000000
493 120.77891269102604 31.59110060957140 -2.71421790122986 -0.06321047246456 10 3 0 0 3 1 3.50000000000000
494 120.77890831648205 31.59109802125657 -2.68165588378906 -0.06498861312866 10 3 0 0 3 1 3.50000000000000
495 120.77890370850557 31.59109504236071 -2.64503502845764 -0.06713102757931 10 3 0 0 3 1 3.50000000000000
496 120.77889957214649 31.59109217080950 -2.61083292961121 -0.06722504645586 10 3 0 0 3 1 3.50000000000000
497 120.77889554785114 31.59108918052048 -2.57661581039429 -0.06790061295033 10 3 0 0 3 1 3.50000000000000
498 120.77889164747317 31.59108607356960 -2.54252099990845 -0.06566662341356 10 3 0 0 3 1 3.50000000000000
499 120.77888756294722 31.59108257298671 -2.50552487373352 -0.06985298544168 10 3 0 0 3 1 3.50000000000000
500 120.77888395016694 31.59107920078845 -2.47009181976318 -0.07270858436823 10 3 0 0 3 1 3.50000000000000
501 120.77888051214836 31.59107569851306 -2.43253302574158 -0.07674924284220 10 3 0 0 3 1 3.50000000000000
502 120.77887727525984 31.59107205611365 -2.39243888854980 -0.08107853680849 10 3 0 0 3 1 3.50000000000000
503 120.77887401647979 31.59106797125612 -2.34760785102844 -0.08126124739647 10 3 0 0 3 1 3.50000000000000
504 120.77887120579737 31.59106408018834 -2.30570101737976 -0.08328744769096 10 3 0 0 3 1 3.50000000000000
505 120.77886859918681 31.59106009510277 -2.26297187805176 -0.08644539862871 10 3 0 0 3 1 3.50000000000000
506 120.77886621435636 31.59105602420518 -2.21973681449890 -0.08582048118114 10 3 0 0 3 1 3.50000000000000
507 120.77886387676070 31.59105151283127 -2.17317485809326 -0.08405105024576 10 3 0 0 3 1 3.50000000000000
508 120.77886195932852 31.59104726991055 -2.12925791740417 -0.09021016210318 10 3 0 0 3 1 3.50000000000000
509 120.77886027365193 31.59104296230000 -2.08488082885742 -0.08830103278160 10 3 0 0 3 1 3.50000000000000
510 120.77885871036787 31.59103823886939 -2.03715395927429 -0.08754683285952 10 3 0 0 3 1 3.50000000000000
511 120.77885749605977 31.59103384066291 -1.99277591705322 -0.08803645521402 10 3 0 0 3 1 3.50000000000000
512 120.77885634833196 31.59102868070445 -1.94179987907410 -0.08694197982550 10 3 0 0 3 1 3.50000000000000
513 120.77885557707080 31.59102385984140 -1.89460992813110 -0.08823128789663 10 3 0 0 3 1 3.50000000000000
514 120.77885507118194 31.59101865000550 -1.84388792514801 -0.08973614871502 10 3 0 0 3 1 3.50000000000000
515 120.77885487073074 31.59101343328531 -1.79238688945770 -0.09197215735912 10 3 0 0 3 1 3.50000000000000
516 120.77885494423548 31.59100859648828 -1.74475693702698 -0.08913421630859 10 3 0 0 3 1 3.50000000000000
517 120.77885530604986 31.59100343001843 -1.69432294368744 -0.08843999356031 10 3 0 0 3 1 3.50000000000000
518 120.77885597922679 31.59099830133498 -1.64425086975098 -0.09021084010601 10 3 0 0 3 1 3.50000000000000
519 120.77885697126854 31.59099323097018 -1.59452962875366 -0.08748954534531 10 3 0 0 3 1 3.50000000000000
520 120.77885810182117 31.59098857814824 -1.54864966869354 -0.08812811970711 10 3 0 0 3 1 3.50000000000000
521 120.77885957412617 31.59098364008252 -1.49998164176941 -0.08676504343748 10 3 0 0 3 1 3.50000000000000
522 120.77886132382288 31.59097878211588 -1.45285165309906 -0.08474884182215 10 3 0 0 3 1 3.50000000000000
523 120.77886317810858 31.59097434750363 -1.40985965728760 -0.08550500869751 10 3 0 0 3 1 3.50000000000000
524 120.77886538182106 31.59096966219479 -1.36320257186890 -0.08401717990637 10 3 0 0 3 1 3.50000000000000
525 120.77886782862639 31.59096508099327 -1.31717360019684 -0.08291017264128 10 3 0 0 3 1 3.50000000000000
526 120.77887032089347 31.59096094398287 -1.27477657794952 -0.08341437578201 10 3 0 0 3 1 3.50000000000000
527 120.77887323373875 31.59095659289820 -1.22909963130951 -0.08522784709930 10 3 0 0 3 1 3.50000000000000
528 120.77887635929902 31.59095236291173 -1.18357956409454 -0.08365857601166 10 3 0 0 3 1 3.50000000000000
529 120.77887995315689 31.59094797167301 -1.13486957550049 -0.08386085182428 10 3 0 0 3 1 3.50000000000000
530 120.77888354173282 31.59094397317574 -1.09025263786316 -0.08100885152817 10 3 0 0 3 1 3.50000000000000
531 120.77888733801724 31.59094009350841 -1.04599559307098 -0.07995017617941 10 3 0 0 3 1 3.50000000000000
532 120.77889162219923 31.59093607040598 -0.99914062023163 -0.07794383913279 10 3 0 0 3 1 3.50000000000000
533 120.77889580058340 31.59093242686369 -0.95669460296631 -0.07439208030701 10 3 0 0 3 1 3.50000000000000
534 120.77890015196515 31.59092888500344 -0.91590058803558 -0.07145053148270 10 3 0 0 3 1 3.50000000000000
535 120.77890500336532 31.59092521337922 -0.87386161088943 -0.06632959097624 10 3 0 0 3 1 3.50000000000000
536 120.77890966279067 31.59092185108880 -0.83856558799744 -0.05822980776429 10 3 0 0 3 1 3.50000000000000
537 120.77891440997988 31.59091851692472 -0.80791258811951 -0.04735293611884 10 3 0 0 3 1 3.50000000000000
538 120.77891852206065 31.59091565430599 -0.78758263587952 -0.03583465144038 10 3 0 0 3 1 3.50000000000000
539 120.77892298650498 31.59091249982517 -0.77098363637924 -0.02810380235314 10 3 0 0 3 1 3.50000000000000
540 120.77892715613942 31.59090955789308 -0.75798958539963 -0.02214158698916 10 3 0 0 3 1 3.50000000000000
541 120.77893135237464 31.59090659228067 -0.74894863367081 -0.01478978712112 10 3 0 0 3 1 3.50000000000000
542 120.77893590964761 31.59090333131011 -0.74183958768845 -0.01210760883987 10 3 0 0 3 1 3.50000000000000
543 120.77894015167432 31.59090031257412 -0.73529863357544 -0.01208916213363 10 3 0 0 3 1 3.50000000000000
544 120.77894440708270 31.59089727545492 -0.73123759031296 -0.00505587877706 10 3 0 0 3 1 3.50000000000000
545 120.77894868198385 31.59089421603965 -0.72809058427811 -0.00477882754058 10 3 0 0 3 1 3.50000000000000
546 120.77895334802302 31.59089088185299 -0.72542363405228 -0.00247637857683 10 3 0 0 3 1 3.50000000000000
547 120.77895765867633 31.59088777851451 -0.72520262002945 -0.00015084954794 10 3 0 0 3 1 3.50000000000000
548 120.77896196978958 31.59088466547191 -0.72652661800385 0.00305144698359 10 3 0 0 3 1 3.50000000000000
549 120.77896659348487 31.59088127538413 -0.73013961315155 0.00748121459037 10 3 0 0 3 1 3.50000000000000
550 120.77897079988630 31.59087810051795 -0.73511159420013 0.01124854572117 10 3 0 0 3 1 3.50000000000000
551 120.77897492208062 31.59087487495611 -0.74272763729095 0.01691332273185 10 3 0 0 3 1 3.50000000000000
552 120.77897900263807 31.59087163707590 -0.75133061408997 0.01589698158205 10 3 0 0 3 1 3.50000000000000
553 120.77898336848925 31.59086811859013 -0.76114261150360 0.01848764717579 10 3 0 0 3 1 3.50000000000000
554 120.77898733104207 31.59086484479110 -0.77081561088562 0.01922819949687 10 3 0 0 3 1 3.50000000000000
555 120.77899123664879 31.59086153077002 -0.78032559156418 0.01946035027504 10 3 0 0 3 1 3.50000000000000
556 120.77899542083649 31.59085790344987 -0.79114359617233 0.01857709884644 10 3 0 0 3 1 3.50000000000000
557 120.77899927121349 31.59085453124730 -0.80048561096191 0.01847148127854 10 3 0 0 3 1 3.50000000000000
558 120.77900308449632 31.59085110784695 -0.81072163581848 0.02008437179029 10 3 0 0 3 1 3.50000000000000
559 120.77900685589239 31.59084762678039 -0.82105761766434 0.02061606198549 10 3 0 0 3 1 3.50000000000000
560 120.77901089010636 31.59084380081213 -0.83272963762283 0.02116115018725 10 3 0 0 3 1 3.50000000000000
561 120.77901459426711 31.59084022708323 -0.84399461746216 0.02017647773027 10 3 0 0 3 1 3.50000000000000
562 120.77901829259130 31.59083663515995 -0.85416162014008 0.01921590045094 10 3 0 0 3 1 3.50000000000000
563 120.77902195165214 31.59083299274147 -0.86456060409546 0.02043132670224 10 3 0 0 3 1 3.50000000000000
564 120.77902587484431 31.59082899987080 -0.87593662738800 0.01890921220183 10 3 0 0 3 1 3.50000000000000
565 120.77902946533072 31.59082528380019 -0.88590663671494 0.01798634789884 10 3 0 0 3 1 3.50000000000000
566 120.77903303195811 31.59082152356168 -0.89552164077759 0.01863026991487 10 3 0 0 3 1 3.50000000000000
567 120.77903657745411 31.59081773684457 -0.90458363294601 0.01752036996186 10 3 0 0 3 1 3.50000000000000
568 120.77904039104591 31.59081359847421 -0.91446763277054 0.01701450161636 10 3 0 0 3 1 3.50000000000000
569 120.77904387306128 31.59080973602494 -0.92308658361435 0.01486742217094 10 3 0 0 3 1 3.50000000000000
570 120.77904734521238 31.59080585243561 -0.93050962686539 0.01406944356859 10 3 0 0 3 1 3.50000000000000
571 120.77905080623204 31.59080195720525 -0.93821561336517 0.01521769911051 10 3 0 0 3 1 3.50000000000000
572 120.77905450132717 31.59079770998820 -0.94618064165115 0.01301338151097 10 3 0 0 3 1 3.50000000000000
573 120.77905786236921 31.59079377052755 -0.95333760976791 0.01539865694940 10 3 0 0 3 1 3.50000000000000
574 120.77906119119523 31.59078982635655 -0.96098762750626 0.01467548962682 10 3 0 0 3 1 3.50000000000000
575 120.77906475257585 31.59078555733644 -0.96878862380981 0.01247758511454 10 3 0 0 3 1 3.50000000000000
576 120.77906797265405 31.59078163325395 -0.97540861368179 0.01183817163110 10 3 0 0 3 1 3.50000000000000
577 120.77907116683899 31.59077772242720 -0.98120558261871 0.01033251360059 10 3 0 0 3 1 3.50000000000000
578 120.77907431561525 31.59077383545589 -0.98656362295151 0.00799263454974 10 3 0 0 3 1 3.50000000000000
579 120.77907766023846 31.59076967013751 -0.99107658863068 0.00722550135106 10 3 0 0 3 1 3.50000000000000
580 120.77908068301176 31.59076592483037 -0.99412858486176 0.00566495116800 10 3 0 0 3 1 3.50000000000000
581 120.77908406258005 31.59076173976750 -0.99682760238647 0.00553825171664 10 3 0 0 3 1 3.50000000000000
582 120.77925978547030 31.59083455097270 2.13230729103088 0.00473655527458 10 3 0 0 3 1 3.50000000000000
583 120.77925682028344 31.59083835395559 2.12893629074097 0.00942118093371 10 3 0 0 3 1 3.50000000000000
584 120.77925368241284 31.59084235311878 2.12488746643066 0.00882291141897 10 3 0 0 3 1 3.50000000000000
585 120.77925075413256 31.59084615004579 2.12090635299683 0.01098356861621 10 3 0 0 3 1 3.50000000000000
586 120.77924784739015 31.59085001201759 2.11561131477356 0.01075893826783 10 3 0 0 3 1 3.50000000000000
587 120.77924491008359 31.59085410332293 2.10804748535156 0.01564023084939 10 3 0 0 3 1 3.50000000000000
588 120.77924220946502 31.59085803086754 2.09956836700439 0.01775972358882 10 3 0 0 3 1 3.50000000000000
589 120.77923951679968 31.59086214372423 2.08860230445862 0.02335141412914 10 3 0 0 3 1 3.50000000000000
590 120.77923687638103 31.59086644776238 2.07480430603027 0.02998821437359 10 3 0 0 3 1 3.50000000000000
591 120.77923429477478 31.59087083480755 2.06023335456848 0.02633632346988 10 3 0 0 3 1 3.50000000000000
592 120.77923177925807 31.59087528360397 2.04472136497498 0.02600396052003 10 3 0 0 3 1 3.50000000000000
593 120.77922935092299 31.59087971680307 2.02985334396362 0.02843871898949 10 3 0 0 3 1 3.50000000000000
594 120.77922690799006 31.59088440365488 2.01379728317261 0.02684370055795 10 3 0 0 3 1 3.50000000000000
595 120.77922460674802 31.59088899724671 1.99962639808655 0.02575381845236 10 3 0 0 3 1 3.50000000000000
596 120.77922243620846 31.59089344758022 1.98523736000061 0.02475125715137 10 3 0 0 3 1 3.50000000000000
597 120.77922024689656 31.59089805151167 1.97176742553711 0.02474353648722 10 3 0 0 3 1 3.50000000000000
598 120.77921821239318 31.59090245923750 1.95940244197845 0.02411105670035 10 3 0 0 3 1 3.50000000000000
599 120.77921604581134 31.59090733488331 1.94590544700623 0.02134936675429 10 3 0 0 3 1 3.50000000000000
600 120.77921419281677 31.59091160577600 1.93487644195557 0.02206075564027 10 3 0 0 3 1 3.50000000000000
601 120.77921236250846 31.59091594427376 1.92388844490051 0.02222048863769 10 3 0 0 3 1 3.50000000000000
602 120.77921040930062 31.59092070252733 1.91283738613129 0.01898470893502 10 3 0 0 3 1 3.50000000000000
603 120.77920862571052 31.59092513025606 1.90262544155121 0.01954279467463 10 3 0 0 3 1 3.50000000000000
604 120.77920685312671 31.59092959766919 1.89360439777374 0.01557836961001 10 3 0 0 3 1 3.50000000000000
605 120.77920493353193 31.59093446186646 1.88544535636902 0.01437544450164 10 3 0 0 3 1 3.50000000000000
606 120.77920320604549 31.59093896743793 1.87800240516663 0.01351160369813 10 3 0 0 3 1 3.50000000000000
607 120.77920146870524 31.59094347262409 1.87224841117859 0.00961461197585 10 3 0 0 3 1 3.50000000000000
608 120.77919974225122 31.59094798519747 1.86749339103699 0.00868990924209 10 3 0 0 3 1 3.50000000000000
609 120.77919789938886 31.59095288395974 1.86312639713287 0.00772733334452 10 3 0 0 3 1 3.50000000000000
610 120.77919617075321 31.59095739232328 1.86082637310028 0.00216095452197 10 3 0 0 3 1 3.50000000000000
611 120.77919441145347 31.59096188434631 1.85987043380737 0.00051062076818 10 3 0 0 3 1 3.50000000000000
612 120.77919249422841 31.59096674470973 1.86034941673279 -0.00172921759076 10 3 0 0 3 1 3.50000000000000
613 120.77919069613638 31.59097121800720 1.86229133605957 -0.00440695555881 10 3 0 0 3 1 3.50000000000000
614 120.77918886617901 31.59097567920560 1.86498939990997 -0.00507994554937 10 3 0 0 3 1 3.50000000000000
615 120.77918684103641 31.59098048542917 1.86797034740448 -0.00613071117550 10 3 0 0 3 1 3.50000000000000
616 120.77918492699824 31.59098490896523 1.87262237071991 -0.00974128488451 10 3 0 0 3 1 3.50000000000000
617 120.77918296609721 31.59098931842117 1.87857234477997 -0.01255495194346 10 3 0 0 3 1 3.50000000000000
618 120.77918078700361 31.59099407847314 1.88610541820526 -0.01425296999514 10 3 0 0 3 1 3.50000000000000
619 120.77917870555324 31.59099845028906 1.89407539367676 -0.01551967952400 10 3 0 0 3 1 3.50000000000000
620 120.77917656381833 31.59100279889288 1.90327835083008 -0.01906567066908 10 3 0 0 3 1 3.50000000000000
621 120.77917436266213 31.59100710309808 1.91360437870026 -0.02058059722185 10 3 0 0 3 1 3.50000000000000
622 120.77917188818417 31.59101170988860 1.92539536952972 -0.02187670581043 10 3 0 0 3 1 3.50000000000000
623 120.77916952002207 31.59101591912575 1.93749237060547 -0.02378218807280 10 3 0 0 3 1 3.50000000000000
624 120.77916711796503 31.59102010881285 1.95008838176727 -0.02500113286078 10 3 0 0 3 1 3.50000000000000
625 120.77916466171611 31.59102425877015 1.96326041221619 -0.02476499788463 10 3 0 0 3 1 3.50000000000000
626 120.77916189616687 31.59102866390537 1.97734737396240 -0.02546478807926 10 3 0 0 3 1 3.50000000000000
627 120.77915925543107 31.59103267113187 1.99187541007996 -0.02960140258074 10 3 0 0 3 1 3.50000000000000
628 120.77915656347022 31.59103663753842 2.00700831413269 -0.02807915583253 10 3 0 0 3 1 3.50000000000000
629 120.77915356275743 31.59104088811404 2.02449250221252 -0.03169969096780 10 3 0 0 3 1 3.50000000000000
630 120.77915070770419 31.59104475914976 2.04087448120117 -0.03285367041826 10 3 0 0 3 1 3.50000000000000
631 120.77914776194862 31.59104858188622 2.05783438682556 -0.03317737951875 10 3 0 0 3 1 3.50000000000000
632 120.77914471269773 31.59105235925086 2.07618141174316 -0.03583505749702 10 3 0 0 3 1 3.50000000000000
633 120.77914130006462 31.59105639920524 2.09681439399719 -0.03804906457663 10 3 0 0 3 1 3.50000000000000
634 120.77913804012638 31.59106006786102 2.11653542518616 -0.03839557617903 10 3 0 0 3 1 3.50000000000000
635 120.77913466967631 31.59106369142491 2.13651847839355 -0.03863643854856 10 3 0 0 3 1 3.50000000000000
636 120.77913121211421 31.59106727546446 2.15661835670471 -0.03819140046835 10 3 0 0 3 1 3.50000000000000
637 120.77912736164357 31.59107109802957 2.17836737632751 -0.03938972204924 10 3 0 0 3 1 3.50000000000000
638 120.77912370251073 31.59107459632305 2.19829940795898 -0.03857875242829 10 3 0 0 3 1 3.50000000000000
639 120.77911993779011 31.59107806134420 2.21857833862305 -0.03963929787278 10 3 0 0 3 1 3.50000000000000
640 120.77911606044394 31.59108148795691 2.23934435844421 -0.03897963464260 10 3 0 0 3 1 3.50000000000000
641 120.77911171130870 31.59108513547890 2.26340031623840 -0.04532141610980 10 3 0 0 3 1 3.50000000000000
642 120.77910753049838 31.59108841081794 2.28852438926697 -0.05054553225636 10 3 0 0 3 1 3.50000000000000
643 120.77910318013116 31.59109157786810 2.31666135787964 -0.05345535650849 10 3 0 0 3 1 3.50000000000000
644 120.77909828937115 31.59109486743005 2.34964346885681 -0.05890297517180 10 3 0 0 3 1 3.50000000000000
645 120.77909361483128 31.59109774817609 2.38208746910095 -0.06172863766551 10 3 0 0 3 1 3.50000000000000
646 120.77908879875166 31.59110047046484 2.41674041748047 -0.06459176540375 10 3 0 0 3 1 3.50000000000000
647 120.77908343098434 31.59110322838535 2.45646333694458 -0.06763342022896 10 3 0 0 3 1 3.50000000000000
648 120.77907833838853 31.59110559158968 2.49426531791687 -0.06794772297144 10 3 0 0 3 1 3.50000000000000
649 120.77907313626424 31.59110777508164 2.53151130676270 -0.06964087486267 10 3 0 0 3 1 3.50000000000000
650 120.77906784194198 31.59110977905354 2.56937837600708 -0.07217893004417 10 3 0 0 3 1 3.50000000000000
651 120.77906293989309 31.59111144774930 2.60571432113647 -0.07326896488667 10 3 0 0 3 1 3.50000000000000
652 120.77905758148718 31.59111307000434 2.64521646499634 -0.07369144260883 10 3 0 0 3 1 3.50000000000000
653 120.77905221864917 31.59111448164691 2.68370938301086 -0.07322043180466 10 3 0 0 3 1 3.50000000000000
654 120.77904685340543 31.59111568283220 2.72171044349670 -0.07408733665943 10 3 0 0 3 1 3.50000000000000
655 120.77904106679135 31.59111675441435 2.76248431205750 -0.07478234916925 10 3 0 0 3 1 3.50000000000000
656 120.77903576408903 31.59111757583509 2.80022740364075 -0.07289221137762 10 3 0 0 3 1 3.50000000000000
657 120.77903049481066 31.59111822475964 2.83717632293701 -0.07492709159851 10 3 0 0 3 1 3.50000000000000
658 120.77902476852805 31.59111873231724 2.87765145301819 -0.07564117759466 10 3 0 0 3 1 3.50000000000000
659 120.77901945473133 31.59111899164563 2.91577529907227 -0.07638888806105 10 3 0 0 3 1 3.50000000000000
660 120.77901411166128 31.59111907034367 2.95496535301208 -0.07776156067848 10 3 0 0 3 1 3.50000000000000
661 120.77900875931516 31.59111897215753 2.99402046203613 -0.07757044583559 10 3 0 0 3 1 3.50000000000000
662 120.77900295834651 31.59111866827856 3.03678846359253 -0.07742806524038 10 3 0 0 3 1 3.50000000000000
663 120.77899761222335 31.59111821705418 3.07602834701538 -0.07787050306797 10 3 0 0 3 1 3.50000000000000
664 120.77899229221271 31.59111757391143 3.11558437347412 -0.07924762368202 10 3 0 0 3 1 3.50000000000000
665 120.77898657400004 31.59111665982316 -3.12519502639771 -0.07705645263195 10 3 0 0 3 1 3.50000000000000
666 120.77898134246725 31.59111563281242 -3.08566093444824 -0.07860942184925 10 3 0 0 3 1 3.50000000000000
667 120.77897616224575 31.59111442284568 -3.04534196853638 -0.08009426295757 10 3 0 0 3 1 3.50000000000000
668 120.77897061634575 31.59111292820709 -3.00238680839539 -0.07620444893837 10 3 0 0 3 1 3.50000000000000
669 120.77896557899143 31.59111136795165 -2.96272683143616 -0.08073589950800 10 3 0 0 3 1 3.50000000000000
670 120.77896062418681 31.59110962069519 -2.92271399497986 -0.07837314903736 10 3 0 0 3 1 3.50000000000000
671 120.77895574992915 31.59110771999544 -2.88380694389343 -0.07847364991903 10 3 0 0 3 1 3.50000000000000
672 120.77895057051802 31.59110547965424 -2.84118700027466 -0.07902709394693 10 3 0 0 3 1 3.50000000000000
673 120.77894589248758 31.59110324458734 -2.80234098434448 -0.07716834545135 10 3 0 0 3 1 3.50000000000000
674 120.77894130370180 31.59110088103398 -2.76518487930298 -0.07382921129465 10 3 0 0 3 1 3.50000000000000
675 120.77893643102311 31.59109817084775 -2.72564196586609 -0.07057072967291 10 3 0 0 3 1 3.50000000000000
676 120.77893200716190 31.59109556482860 -2.69122982025146 -0.06606557220221 10 3 0 0 3 1 3.50000000000000
677 120.77892765980255 31.59109285864104 -2.65819382667542 -0.06364457309246 10 3 0 0 3 1 3.50000000000000
678 120.77892340984241 31.59109003436095 -2.62546491622925 -0.06362137198448 10 3 0 0 3 1 3.50000000000000
679 120.77891890454957 31.59108684919145 -2.59060096740723 -0.06163573637605 10 3 0 0 3 1 3.50000000000000
680 120.77891484472846 31.59108380096404 -2.55934095382690 -0.06148297339678 10 3 0 0 3 1 3.50000000000000
681 120.77891087086691 31.59108065828071 -2.52909684181213 -0.05865633115172 10 3 0 0 3 1 3.50000000000000
682 120.77890665646508 31.59107716810081 -2.49844384193420 -0.05325505137444 10 3 0 0 3 1 3.50000000000000
683 120.77890283837959 31.59107387317243 -2.47234201431274 -0.04906939715147 10 3 0 0 3 1 3.50000000000000
684 120.77889908986238 31.59107052325732 -2.44778084754944 -0.04884394630790 10 3 0 0 3 1 3.50000000000000
685 120.77889540865202 31.59106711193768 -2.42404103279114 -0.04586175829172 10 3 0 0 3 1 3.50000000000000
686 120.77889149043538 31.59106334608725 -2.39983987808228 -0.04195420444012 10 3 0 0 3 1 3.50000000000000
687 120.77888795202044 31.59105980988346 -2.37901902198792 -0.03923961147666 10 3 0 0 3 1 3.50000000000000
688 120.77888447325503 31.59105620731682 -2.35932683944702 -0.03754687309265 10 3 0 0 3 1 3.50000000000000
689 120.77888102898720 31.59105257034315 -2.34147381782532 -0.03325018659234 10 3 0 0 3 1 3.50000000000000
690 120.77887733784112 31.59104860180631 -2.32403182983398 -0.03127237036824 10 3 0 0 3 1 3.50000000000000
691 120.77887397109950 31.59104489578876 -2.30972599983215 -0.02788068726659 10 3 0 0 3 1 3.50000000000000
692 120.77887062227478 31.59104115819501 -2.29740381240845 -0.02141570858657 10 3 0 0 3 1 3.50000000000000
693 120.77886698733124 31.59103711648913 -2.28752899169922 -0.01620349287987 10 3 0 0 3 1 3.50000000000000
694 120.77886362455141 31.59103337942263 -2.28002595901489 -0.01313275936991 10 3 0 0 3 1 3.50000000000000
695 120.77886026606367 31.59102963122880 -2.27324390411377 -0.01355550251901 10 3 0 0 3 1 3.50000000000000
696 120.77885692320127 31.59102586527504 -2.26732087135315 -0.01138465479016 10 3 0 0 3 1 3.50000000000000
697 120.77885332868671 31.59102175554479 -2.26116895675659 -0.01131575461477 10 3 0 0 3 1 3.50000000000000
698 120.77885003470212 31.59101795471588 -2.25652694702148 -0.00725270155817 10 3 0 0 3 1 3.50000000000000
699 120.77884675455869 31.59101419129567 -2.25323390960693 -0.00587432924658 10 3 0 0 3 1 3.50000000000000
700 120.77884350089560 31.59101047541912 -2.25130891799927 -0.00122301722877 10 3 0 0 3 1 3.50000000000000
701 120.77883999029265 31.59100651943880 -2.25130581855774 0.00101093063131 10 3 0 0 3 1 3.50000000000000
702 120.77883675844102 31.59100292572775 -2.25217390060425 0.00069680466549 10 3 0 0 3 1 3.50000000000000
703 120.77883302257604 31.59099877662769 -2.25407099723816 0.00480230618268 10 3 0 0 3 1 3.50000000000000
704 120.77882956633532 31.59099499159566 -2.25736093521118 0.00688231457025 10 3 0 0 3 1 3.50000000000000
705 120.77882582995544 31.59099097721736 -2.26146483421326 0.00679207593203 10 3 0 0 3 1 3.50000000000000
706 120.77882209867900 31.59098701142204 -2.26666188240051 0.00979932770133 10 3 0 0 3 1 3.50000000000000
707 120.77881856805772 31.59098332309273 -2.27249503135681 0.01168221142143 10 3 0 0 3 1 3.50000000000000
708 120.77881470918162 31.59097938764185 -2.27976989746094 0.01405450515449 10 3 0 0 3 1 3.50000000000000
709 120.77881079533482 31.59097546104799 -2.28791999816895 0.01544653158635 10 3 0 0 3 1 3.50000000000000
710 120.77880683236131 31.59097156333821 -2.29737997055054 0.01734220422804 10 3 0 0 3 1 3.50000000000000
711 120.77880309299960 31.59096798881044 -2.30728197097778 0.01927299611270 10 3 0 0 3 1 3.50000000000000
712 120.77879897781946 31.59096420098669 -2.31847095489502 0.01995963603258 10 3 0 0 3 1 3.50000000000000
713 120.77879483298588 31.59096048828049 -2.33055281639099 0.02378073148429 10 3 0 0 3 1 3.50000000000000
714 120.77879097462446 31.59095711296212 -2.34305000305176 0.02316331304610 10 3 0 0 3 1 3.50000000000000
715 120.77878682352990 31.59095356949915 -2.35643100738525 0.02314633503556 10 3 0 0 3 1 3.50000000000000
716 120.77878264002273 31.59095013816711 -2.36957097053528 0.02713359147310 10 3 0 0 3 1 3.50000000000000
717 120.77877874487520 31.59094705448894 -2.38308191299438 0.02428016811609 10 3 0 0 3 1 3.50000000000000
718 120.77877454749266 31.59094382051001 -2.39787483215332 0.02832340262830 10 3 0 0 3 1 3.50000000000000
719 120.77877028702564 31.59094066724585 -2.41359496116638 0.02988820523024 10 3 0 0 3 1 3.50000000000000
720 120.77876594771917 31.59093758926677 -2.42969894409180 0.03047156147659 10 3 0 0 3 1 3.50000000000000
721 120.77876182891131 31.59093477695913 -2.44538187980652 0.03088469058275 10 3 0 0 3 1 3.50000000000000
722 120.77875733927149 31.59093178443283 -2.46213984489441 0.03125982731581 10 3 0 0 3 1 3.50000000000000
723 120.77875276314288 31.59092881930379 -2.47841596603394 0.02774834819138 10 3 0 0 3 1 3.50000000000000
724 120.77874846389709 31.59092611546103 -2.49258303642273 0.02910146862268 10 3 0 0 3 1 3.50000000000000
725 120.77874377694924 31.59092324415440 -2.50680303573608 0.02593435160816 10 3 0 0 3 1 3.50000000000000
726 120.77873903942861 31.59092039411094 -2.51994681358337 0.02573255077004 10 3 0 0 3 1 3.50000000000000
727 120.77873459319261 31.59091778661722 -2.53278398513794 0.02453275583684 10 3 0 0 3 1 3.50000000000000
728 120.77875360923139 31.59083306994616 0.46806538105011 -0.00510941538960 10 3 0 0 3 1 3.50000000000000
729 120.77875864073661 31.59083533914503 0.46799439191818 0.00027061082073 10 3 0 0 3 1 3.50000000000000
730 120.77876358084939 31.59083767096259 0.46879038214684 -0.00655098445714 10 3 0 0 3 1 3.50000000000000
731 120.77876837580212 31.59083995270534 0.46912038326263 -0.00111772725359 10 3 0 0 3 1 3.50000000000000
732 120.77877320119033 31.59084221857533 0.46821439266205 0.00117774365935 10 3 0 0 3 1 3.50000000000000
733 120.77877812050767 31.59084449127704 0.46718838810921 0.00296998233534 10 3 0 0 3 1 3.50000000000000
734 120.77878318423721 31.59084676256161 0.46319937705994 0.00823749881238 10 3 0 0 3 1 3.50000000000000
735 120.77878835930763 31.59084900448670 0.45583239197731 0.01568103581667 10 3 0 0 3 1 3.50000000000000
736 120.77879362302915 31.59085119868732 0.44607838988304 0.01854854263365 10 3 0 0 3 1 3.50000000000000
737 120.77879896853086 31.59085322693436 0.43215939402580 0.03004866279662 10 3 0 0 3 1 3.50000000000000
738 120.77880395074861 31.59085498747295 0.41734039783478 0.03026510961354 10 3 0 0 3 1 3.50000000000000
739 120.77880940368615 31.59085679898920 0.39957439899445 0.03311103954911 10 3 0 0 3 1 3.50000000000000
740 120.77881459575822 31.59085848205504 0.38135740160942 0.03499764576554 10 3 0 0 3 1 3.50000000000000
741 120.77881995880735 31.59086006688500 0.36201140284538 0.03529053181410 10 3 0 0 3 1 3.50000000000000
742 120.77882510781679 31.59086147890757 0.34375938773155 0.03562382608652 10 3 0 0 3 1 3.50000000000000
743 120.77883073835889 31.59086294438739 0.32445937395096 0.03402880206704 10 3 0 0 3 1 3.50000000000000
744 120.77883651336209 31.59086435079445 0.30428940057755 0.03560480847955 10 3 0 0 3 1 3.50000000000000
745 120.77884208284169 31.59086558143845 0.28473538160324 0.03717457503080 10 3 0 0 3 1 3.50000000000000
746 120.77884739733040 31.59086669519122 0.26639840006828 0.03322014585137 10 3 0 0 3 1 3.50000000000000
747 120.77885322975878 31.59086781685288 0.24579939246178 0.03922616317868 10 3 0 0 3 1 3.50000000000000
748 120.77885880369536 31.59086877794182 0.22575439512730 0.03198984265327 10 3 0 0 3 1 3.50000000000000
749 120.77886449953793 31.59086967962084 0.20687039196491 0.03336051851511 10 3 0 0 3 1 3.50000000000000
750 120.77886987818540 31.59087045230087 0.18915638327599 0.03359644487500 10 3 0 0 3 1 3.50000000000000
751 120.77887578142074 31.59087115646623 0.17117938399315 0.02741663902998 10 3 0 0 3 1 3.50000000000000
752 120.77888176531685 31.59087184228785 0.15550738573074 0.02957132458687 10 3 0 0 3 1 3.50000000000000
753 120.77888782827949 31.59087247999412 0.13832938671112 0.02860683575273 10 3 0 0 3 1 3.50000000000000
754 120.77889352475700 31.59087302748604 0.12349139153957 0.02727500908077 10 3 0 0 3 1 3.50000000000000
755 120.77889882923863 31.59087346987111 0.11021438986063 0.02476358041167 10 3 0 0 3 1 3.50000000000000
756 120.77890417267045 31.59087385387005 0.09750738739967 0.02638196013868 10 3 0 0 3 1 3.50000000000000
757 120.77891000408896 31.59087425502612 0.08514238893986 0.02103561908007 10 3 0 0 3 1 3.50000000000000
758 120.77891541040569 31.59087460937657 0.07465139031410 0.02046125195920 10 3 0 0 3 1 3.50000000000000
759 120.77892083493779 31.59087493141280 0.06408138573170 0.02036755345762 10 3 0 0 3 1 3.50000000000000
760 120.77892628397397 31.59087521193103 0.05419838801026 0.01965997368097 10 3 0 0 3 1 3.50000000000000
761 120.77893218542542 31.59087547073928 0.04388538748026 0.01767570897937 10 3 0 0 3 1 3.50000000000000
762 120.77893763916713 31.59087571866504 0.03695538640022 0.01138314511627 10 3 0 0 3 1 3.50000000000000
763 120.77894305251630 31.59087597778760 0.03156238794327 0.01170976273715 10 3 0 0 3 1 3.50000000000000
764 120.77894886964175 31.59087624903477 0.02656838856637 0.00666006002575 10 3 0 0 3 1 3.50000000000000
765 120.77895419214609 31.59087649213657 0.02278638817370 0.00614300277084 10 3 0 0 3 1 3.50000000000000
766 120.77895945473983 31.59087670887646 0.01958138868213 0.00722301146016 10 3 0 0 3 1 3.50000000000000
767 120.77896551856071 31.59087698817361 0.01872738823295 0.00069696648279 10 3 0 0 3 1 3.50000000000000
768 120.77897108865476 31.59087728495479 0.01888338848948 0.00034232664621 10 3 0 0 3 1 3.50000000000000
769 120.77897702800512 31.59087767799946 0.02024438790977 -0.00516585819423 10 3 0 0 3 1 3.50000000000000
770 120.77898294054711 31.59087805548850 0.02360838837922 -0.00375444046222 10 3 0 0 3 1 3.50000000000000
771 120.77898839229168 31.59087843769462 0.02910438738763 -0.01160536240786 10 3 0 0 3 1 3.50000000000000
772 120.77899424430660 31.59087892842792 0.03824838623405 -0.02024422958493 10 3 0 0 3 1 3.50000000000000
773 120.77900004793004 31.59087958216927 0.05028238892555 -0.02366302534938 10 3 0 0 3 1 3.50000000000000
774 120.77900584499207 31.59088036220740 0.06566239148378 -0.02928447909653 10 3 0 0 3 1 3.50000000000000
775 120.77901123879947 31.59088116162761 0.08128838986158 -0.02898658253253 10 3 0 0 3 1 3.50000000000000
776 120.77901703495655 31.59088211356152 0.09818738698959 -0.03121952153742 10 3 0 0 3 1 3.50000000000000
777 120.77902284853707 31.59088315180238 0.11584138870239 -0.03060915879905 10 3 0 0 3 1 3.50000000000000
778 120.77902822728436 31.59088424030988 0.13354338705540 -0.03516278415918 10 3 0 0 3 1 3.50000000000000
779 120.77903402528966 31.59088553885824 0.15419739484787 -0.03728851675987 10 3 0 0 3 1 3.50000000000000
780 120.77903979780359 31.59088695887269 0.17571039497852 -0.03971147164702 10 3 0 0 3 1 3.50000000000000
781 120.77904514281893 31.59088837562489 0.19703838229179 -0.03937152773142 10 3 0 0 3 1 3.50000000000000
782 120.77905085752671 31.59089001705970 0.21985238790512 -0.04046830534935 10 3 0 0 3 1 3.50000000000000
783 120.77905652936137 31.59089178876086 0.24323438107967 -0.04161512851715 10 3 0 0 3 1 3.50000000000000
784 120.77906176400614 31.59089352800799 0.26497739553452 -0.04084748029709 10 3 0 0 3 1 3.50000000000000
785 120.77906734218925 31.59089551147783 0.28860038518906 -0.04115213081241 10 3 0 0 3 1 3.50000000000000
786 120.77907288124048 31.59089761778061 0.31206738948822 -0.04006093367934 10 3 0 0 3 1 3.50000000000000
787 120.77907794318537 31.59089965875448 0.33365938067436 -0.04169117659330 10 3 0 0 3 1 3.50000000000000
788 120.77908335613733 31.59090198960959 0.35897037386894 -0.04573752731085 10 3 0 0 3 1 3.50000000000000
789 120.77908865342174 31.59090447527463 0.38669738173485 -0.05115938931704 10 3 0 0 3 1 3.50000000000000
790 120.77909416199606 31.59090735197993 0.42040839791298 -0.05661042034626 10 3 0 0 3 1 3.50000000000000
791 120.77909909831112 31.59091020629500 0.45336839556694 -0.06229599937797 10 3 0 0 3 1 3.50000000000000
792 120.77910383722600 31.59091325969423 0.49224239587784 -0.07534292340279 10 3 0 0 3 1 3.50000000000000
793 120.77910865382287 31.59091673974769 0.53823935985565 -0.07965423166752 10 3 0 0 3 1 3.50000000000000
794 120.77911286648568 31.59092019290668 0.58293241262436 -0.08151088654995 10 3 0 0 3 1 3.50000000000000
795 120.77911683021563 31.59092379105607 0.62807941436768 -0.08429769426584 10 3 0 0 3 1 3.50000000000000
796 120.77912057497542 31.59092751003124 0.67382436990738 -0.08631809055805 10 3 0 0 3 1 3.50000000000000
797 120.77912383778163 31.59093105527409 0.71574139595032 -0.08182103931904 10 3 0 0 3 1 3.50000000000000
798 120.77912713093322 31.59093497770238 0.76018136739731 -0.08564250916243 10 3 0 0 3 1 3.50000000000000
799 120.77913015792375 31.59093902387015 0.80607736110687 -0.08771181851625 10 3 0 0 3 1 3.50000000000000
800 120.77913315933564 31.59094346752733 0.85490137338638 -0.08630306273699 10 3 0 0 3 1 3.50000000000000
801 120.77913572703748 31.59094772598879 0.90160441398621 -0.08847241848707 10 3 0 0 3 1 3.50000000000000
802 120.77913806690250 31.59095209131522 0.94820541143417 -0.08925509452820 10 3 0 0 3 1 3.50000000000000
803 120.77914028684648 31.59095687275690 0.99893438816071 -0.09067250788212 10 3 0 0 3 1 3.50000000000000
804 120.77914211684161 31.59096141186532 1.04626739025116 -0.08899779617786 10 3 0 0 3 1 3.50000000000000
805 120.77914366774989 31.59096602596665 1.09456038475037 -0.09257330000401 10 3 0 0 3 1 3.50000000000000
806 120.77914503631821 31.59097102974503 1.14593636989594 -0.08997770398855 10 3 0 0 3 1 3.50000000000000
807 120.77914606458157 31.59097574645840 1.19369244575500 -0.09218051284552 10 3 0 0 3 1 3.50000000000000
808 120.77914681296579 31.59098048041932 1.24167537689209 -0.09078051149845 10 3 0 0 3 1 3.50000000000000
809 120.77914731311948 31.59098523184716 1.28852438926697 -0.08819726854563 10 3 0 0 3 1 3.50000000000000
810 120.77914758243946 31.59099033246093 1.33856832981110 -0.08766467124224 10 3 0 0 3 1 3.50000000000000
811 120.77914760845208 31.59099509168863 1.38422536849976 -0.08776050806046 10 3 0 0 3 1 3.50000000000000
812 120.77914736139631 31.59099983948482 1.42955243587494 -0.08545982092619 10 3 0 0 3 1 3.50000000000000
813 120.77914686717612 31.59100489586929 1.47532343864441 -0.08093632012606 10 3 0 0 3 1 3.50000000000000
814 120.77914620169061 31.59100957272319 1.51694440841675 -0.08080999553204 10 3 0 0 3 1 3.50000000000000
815 120.77914536265847 31.59101421475477 1.55790042877197 -0.07729256898165 10 3 0 0 3 1 3.50000000000000
816 120.77914418681731 31.59101912827112 1.60213434696198 -0.08260318636894 10 3 0 0 3 1 3.50000000000000
817 120.77914286572965 31.59102365683616 1.64377439022064 -0.08001231402159 10 3 0 0 3 1 3.50000000000000
818 120.77914130973053 31.59102812143970 1.68531739711761 -0.08174329251051 10 3 0 0 3 1 3.50000000000000
819 120.77913935284117 31.59103284089474 1.73068833351135 -0.08111487329006 10 3 0 0 3 1 3.50000000000000
820 120.77913732331068 31.59103718858330 1.77335441112518 -0.08360911160707 10 3 0 0 3 1 3.50000000000000
821 120.77913507122938 31.59104146649014 1.81671237945557 -0.08350639790297 10 3 0 0 3 1 3.50000000000000
822 120.77913240891891 31.59104595505105 1.86193835735321 -0.07991238683462 10 3 0 0 3 1 3.50000000000000
823 120.77912969272776 31.59105006087547 1.90464043617249 -0.08593935519457 10 3 0 0 3 1 3.50000000000000
824 120.77912677306283 31.59105409561714 1.94756543636322 -0.08275593817234 10 3 0 0 3 1 3.50000000000000
825 120.77912342976302 31.59105831878749 1.99304938316345 -0.08375044912100 10 3 0 0 3 1 3.50000000000000
826 120.77912007520051 31.59106216387768 2.03625130653381 -0.08226718008518 10 3 0 0 3 1 3.50000000000000
827 120.77911649642377 31.59106591362873 2.07918548583984 -0.07963646203279 10 3 0 0 3 1 3.50000000000000
828 120.77911297953435 31.59106931005691 2.11930727958679 -0.08286131918430 10 3 0 0 3 1 3.50000000000000
829 120.77910899337920 31.59107288555984 2.16277837753296 -0.07940705120564 10 3 0 0 3 1 3.50000000000000
830 120.77910481065923 31.59107634618603 2.20501041412354 -0.07608640938997 10 3 0 0 3 1 3.50000000000000
831 120.77910045553020 31.59107970906123 2.24517035484314 -0.07115354388952 10 3 0 0 3 1 3.50000000000000
832 120.77909630625861 31.59108276499066 2.27923727035522 -0.06389644742012 10 3 0 0 3 1 3.50000000000000
833 120.77909178260524 31.59108603140604 2.31050348281860 -0.05162163823843 10 3 0 0 3 1 3.50000000000000
834 120.77908724339402 31.59108929947598 2.33544039726257 -0.04117871820927 10 3 0 0 3 1 3.50000000000000
835 120.77908299968514 31.59109232683807 2.35385537147522 -0.03270195052028 10 3 0 0 3 1 3.50000000000000
836 120.77907843383724 31.59109560651475 2.36878037452698 -0.02270532958210 10 3 0 0 3 1 3.50000000000000
837 120.77907386677893 31.59109892041484 2.37911629676819 -0.01397767290473 10 3 0 0 3 1 3.50000000000000
838 120.77906962501383 31.59110204358970 2.38590335845947 -0.01140048447996 10 3 0 0 3 1 3.50000000000000
839 120.77906503600626 31.59110540285101 2.39133048057556 -0.00947753433138 10 3 0 0 3 1 3.50000000000000
840 120.77906041654967 31.59110877847771 2.39513635635376 -0.00544011453167 10 3 0 0 3 1 3.50000000000000
841 120.77905611813249 31.59111195622954 2.39720749855042 -0.00285958778113 10 3 0 0 3 1 3.50000000000000
842 120.77905213243028 31.59111491961657 2.39827346801758 -0.00113602459896 10 3 0 0 3 1 3.50000000000000
843 120.77904810032406 31.59111789255354 2.39872050285339 -0.00143879442476 10 3 0 0 3 1 3.50000000000000
844 120.77904372156618 31.59112115235583 2.39785242080688 0.00333162094466 10 3 0 0 3 1 3.50000000000000
845 120.77903968519487 31.59112420966548 2.39608049392700 0.00383287109435 10 3 0 0 3 1 3.50000000000000
846 120.77903564797263 31.59112731191897 2.39251327514648 0.00833040475845 10 3 0 0 3 1 3.50000000000000
847 120.77903128793027 31.59113072403186 2.38631343841553 0.01307467278093 10 3 0 0 3 1 3.50000000000000
848 120.77902729095524 31.59113393103155 2.37933444976807 0.01317095011473 10 3 0 0 3 1 3.50000000000000
849 120.77902331470575 31.59113719256526 2.37134242057800 0.01662895455956 10 3 0 0 3 1 3.50000000000000
850 120.77901935985524 31.59114050232138 2.36221432685852 0.01738385111094 10 3 0 0 3 1 3.50000000000000
851 120.77901510838636 31.59114414910027 2.35229444503784 0.01743872091174 10 3 0 0 3 1 3.50000000000000
852 120.77901120579321 31.59114756777471 2.34280943870544 0.01836183294654 10 3 0 0 3 1 3.50000000000000
853 120.77900732124671 31.59115102036784 2.33271050453186 0.01912977732718 10 3 0 0 3 1 3.50000000000000
854 120.77900349125856 31.59115453050442 2.32226228713989 0.01881563663483 10 3 0 0 3 1 3.50000000000000
855 120.77899939419054 31.59115838187852 2.31080031394958 0.02037495747209 10 3 0 0 3 1 3.50000000000000
856 120.77899566538315 31.59116196046910 2.29946041107178 0.02325299009681 10 3 0 0 3 1 3.50000000000000
857 120.77899200173873 31.59116555266955 2.28813147544861 0.02064382843673 10 3 0 0 3 1 3.50000000000000
858 120.77898811311451 31.59116946539712 2.27669048309326 0.02044452913105 10 3 0 0 3 1 3.50000000000000
859 120.77898460490083 31.59117310462623 2.26469540596008 0.02349797450006 10 3 0 0 3 1 3.50000000000000
860 120.77898116516803 31.59117675991572 2.25270748138428 0.02314226329327 10 3 0 0 3 1 3.50000000000000
861 120.77897779518781 31.59118043222770 2.24091434478760 0.02346520125866 10 3 0 0 3 1 3.50000000000000
862 120.77897419903651 31.59118441413010 2.22817444801331 0.02274530194700 10 3 0 0 3 1 3.50000000000000
863 120.77897096547882 31.59118811031330 2.21653032302856 0.02390764467418 10 3 0 0 3 1 3.50000000000000
864 120.77896780004068 31.59119181528403 2.20504927635193 0.02246786840260 10 3 0 0 3 1 3.50000000000000
865 120.77896467092394 31.59119552166596 2.19403648376465 0.02247140742838 10 3 0 0 3 1 3.50000000000000
866 120.77896132780683 31.59119954863401 2.18243646621704 0.01972995512187 10 3 0 0 3 1 3.50000000000000
867 120.77895831768956 31.59120326302477 2.17320728302002 0.01737503893673 10 3 0 0 3 1 3.50000000000000
868 120.77895485676713 31.59120759249504 2.16349935531616 0.01722909882665 10 3 0 0 3 1 3.50000000000000
869 120.77895164795409 31.59121158615431 2.15675640106201 0.01091838255525 10 3 0 0 3 1 3.50000000000000
870 120.77894822158986 31.59121586225221 2.15121245384216 0.00900791678578 10 3 0 0 3 1 3.50000000000000
871 120.77894478562041 31.59122011528779 2.14709949493408 0.00631836429238 10 3 0 0 3 1 3.50000000000000
872 120.77894163431601 31.59122403616415 2.14407444000244 0.00676923338324 10 3 0 0 3 1 3.50000000000000
873 120.77893829275465 31.59122824288915 2.14141440391541 0.00626078853384 10 3 0 0 3 1 3.50000000000000
