Id Lon Lat heading curvature mode SpeedMode EventMode OppositeSideMode LaneNum LaneSeq LaneWidth
0 120.77560476610608 31.59167903738456 -0.99865561723709 0.18530611693859 10 3 0 0 2 1 3.00000000000000
1 120.77560781990650 31.59167514474387 -0.99791759252548 -0.00765857845545 10 3 0 0 2 1 3.00000000000000
2 120.77561085347884 31.59167136383898 -0.99691158533096 -0.00296652945690 10 3 0 0 2 1 3.00000000000000
3 120.77561402141775 31.59166743839764 -0.99580562114716 0.00074038113235 10 3 0 0 2 1 3.00000000000000
4 120.77561720361444 31.59166346434007 -0.99473059177399 0.00222042389214 10 3 0 0 2 1 3.00000000000000
5 120.77562029655347 31.59165962339515 -0.99456560611725 0.00115489691962 10 3 0 0 2 1 3.00000000000000
6 120.77562336134248 31.59165575934547 -0.99546563625336 0.00472330115736 10 3 0 0 2 1 3.00000000000000
7 120.77562635458011 31.59165190137992 -0.99832862615585 0.00820004101843 10 3 0 0 2 1 3.00000000000000
8 120.77562924794790 31.59164811237904 -1.00273156166077 0.00918052997440 10 3 0 0 2 1 3.00000000000000
9 120.77563228455446 31.59164405840326 -1.00877559185028 0.01434983592480 10 3 0 0 2 1 3.00000000000000
10 120.77563516227255 31.59164004038491 -1.01705658435822 0.01663028448820 10 3 0 0 2 1 3.00000000000000
11 120.77563801400488 31.59163589971315 -1.02830862998962 0.02372121252120 10 3 0 0 2 1 3.00000000000000
12 120.77564065103240 31.59163178426614 -1.04354858398438 0.03206091001630 10 3 0 0 2 1 3.00000000000000
13 120.77564321038039 31.59162737591483 -1.06491363048553 0.04384910687804 10 3 0 0 2 1 3.00000000000000
14 120.77564545648282 31.59162313342359 -1.08981657028198 0.05212715268135 10 3 0 0 2 1 3.00000000000000
15 120.77564757025856 31.59161864700026 -1.11852860450745 0.05408594757318 10 3 0 0 2 1 3.00000000000000
16 120.77564942074540 31.59161430296239 -1.14711356163025 0.05958134680986 10 3 0 0 2 1 3.00000000000000
17 120.77565113269320 31.59160967530883 -1.18016266822815 0.06585860997438 10 3 0 0 2 1 3.00000000000000
18 120.77565255784192 31.59160515256322 -1.21543657779694 0.07294904440641 10 3 0 0 2 1 3.00000000000000
19 120.77565370008969 31.59160072367206 -1.25161862373352 0.07377504557371 10 3 0 0 2 1 3.00000000000000
20 120.77565470750676 31.59159600325083 -1.29054057598114 0.07352580875158 10 3 0 0 2 1 3.00000000000000
21 120.77565546166727 31.59159140683275 -1.32876062393188 0.08017158508301 10 3 0 0 2 1 3.00000000000000
22 120.77565592688106 31.59158653097170 -1.37253057956696 0.08399095386267 10 3 0 0 2 1 3.00000000000000
23 120.77565607448663 31.59158182901709 -1.41803956031799 0.08863242715597 10 3 0 0 2 1 3.00000000000000
24 120.77565594699530 31.59157687995489 -1.46655857563019 0.09114692360163 10 3 0 0 2 1 3.00000000000000
25 120.77565551679210 31.59157223637207 -1.51404857635498 0.09547001868486 10 3 0 0 2 1 3.00000000000000
26 120.77565477082928 31.59156748342505 -1.56486558914185 0.09935720264912 10 3 0 0 2 1 3.00000000000000
27 120.77565370628825 31.59156263457728 -1.61821496486664 0.10195925831795 10 3 0 0 2 1 3.00000000000000
28 120.77565240943315 31.59155813952277 -1.66992497444153 0.10222175717354 10 3 0 0 2 1 3.00000000000000
29 120.77565075201289 31.59155355011589 -1.72325587272644 0.10501393675804 10 3 0 0 2 1 3.00000000000000
30 120.77564891758263 31.59154922167402 -1.77576088905334 0.10674760490656 10 3 0 0 2 1 3.00000000000000
31 120.77564670289239 31.59154474341833 -1.83023786544800 0.10727547854185 10 3 0 0 2 1 3.00000000000000
32 120.77564427847541 31.59154052721491 -1.88416886329651 0.10406101495028 10 3 0 0 2 1 3.00000000000000
33 120.77564149991449 31.59153620679134 -1.93766188621521 0.10074791312218 10 3 0 0 2 1 3.00000000000000
34 120.77563860219433 31.59153214805219 -1.98870289325714 0.09376370906830 10 3 0 0 2 1 3.00000000000000
35 120.77563561584809 31.59152835374663 -2.03752088546753 0.10228957235813 10 3 0 0 2 1 3.00000000000000
36 120.77563220258392 31.59152450540700 -2.08823990821838 0.09884769469500 10 3 0 0 2 1 3.00000000000000
37 120.77562838256034 31.59152063026193 -2.14230895042419 0.09239009767771 10 3 0 0 2 1 3.00000000000000
38 120.77562450691657 31.59151710566279 -2.19419384002686 0.10142868757248 10 3 0 0 2 1 3.00000000000000
39 120.77562025575585 31.59151361234009 -2.24716496467590 0.09840337932110 10 3 0 0 2 1 3.00000000000000
40 120.77561602894102 31.59151047929513 -2.29759097099304 0.09616687148809 10 3 0 0 2 1 3.00000000000000
41 120.77561182625955 31.59150765988537 -2.34484481811523 0.09376964718103 10 3 0 0 2 1 3.00000000000000
42 120.77560731361220 31.59150483288698 -2.38975286483765 0.08573075383902 10 3 0 0 2 1 3.00000000000000
43 120.77560253180874 31.59150196203279 -2.43043494224548 0.06941560655832 10 3 0 0 2 1 3.00000000000000
44 120.77559794177046 31.59149919034294 -2.46086096763611 0.05040926858783 10 3 0 0 2 1 3.00000000000000
45 120.77559358019607 31.59149653989155 -2.48291087150574 0.03815378621221 10 3 0 0 2 1 3.00000000000000
46 120.77558897452209 31.59149374595439 -2.50088286399841 0.03133525699377 10 3 0 0 2 1 3.00000000000000
47 120.77558451338142 31.59149110966242 -2.51700782775879 0.03042824752629 10 3 0 0 2 1 3.00000000000000
48 120.77557974045138 31.59148836205680 -2.53206396102905 0.02648971043527 10 3 0 0 2 1 3.00000000000000
49 120.77557513528235 31.59148575249920 -2.54494500160217 0.02185870893300 10 3 0 0 2 1 3.00000000000000
50 120.77557028261023 31.59148311696055 -2.55827689170837 0.02452588267624 10 3 0 0 2 1 3.00000000000000
51 120.77556565621424 31.59148068039557 -2.57040095329285 0.02247828990221 10 3 0 0 2 1 3.00000000000000
52 120.77556083247569 31.59147818573103 -2.58154582977295 0.01907943934202 10 3 0 0 2 1 3.00000000000000
53 120.77555626682688 31.59147582781230 -2.58876299858093 0.01055752299726 10 3 0 0 2 1 3.00000000000000
54 120.77555154539907 31.59147335299767 -2.59327793121338 0.01002516038716 10 3 0 0 2 1 3.00000000000000
55 120.77554662794330 31.59147084626047 -2.59762382507324 0.00684745144099 10 3 0 0 2 1 3.00000000000000
56 120.77554198238482 31.59146845203218 -2.60155391693115 0.01049393787980 10 3 0 0 2 1 3.00000000000000
57 120.77553723493193 31.59146601487791 -2.60557389259338 0.00715740956366 10 3 0 0 2 1 3.00000000000000
58 120.77553261635180 31.59146373405961 -2.60941982269287 0.00356581574306 10 3 0 0 2 1 3.00000000000000
59 120.77552774794822 31.59146142868562 -2.61296081542969 0.00914848688990 10 3 0 0 2 1 3.00000000000000
60 120.77552298861748 31.59145917272425 -2.61473798751831 0.00096040382050 10 3 0 0 2 1 3.00000000000000
61 120.77561194287924 31.59144107998121 0.47333338856697 -0.43181687593460 10 3 0 0 2 1 3.00000000000000
62 120.77561666154890 31.59144335356778 0.47433939576149 0.00270950468257 10 3 0 0 2 1 3.00000000000000
63 120.77562141811454 31.59144564976676 0.47592338919640 0.00020797109755 10 3 0 0 2 1 3.00000000000000
64 120.77562628637831 31.59144800531098 0.47690537571907 0.00410673161969 10 3 0 0 2 1 3.00000000000000
65 120.77563088457552 31.59145026586891 0.47850540280342 0.00386105244979 10 3 0 0 2 1 3.00000000000000
66 120.77563578089587 31.59145265635246 0.47833639383316 0.00168160418980 10 3 0 0 2 1 3.00000000000000
67 120.77564040178534 31.59145486753407 0.47644039988518 0.00513521907851 10 3 0 0 2 1 3.00000000000000
68 120.77564501643332 31.59145706634541 0.47330939769745 0.00863034930080 10 3 0 0 2 1 3.00000000000000
69 120.77565007089959 31.59145938740237 0.46691837906837 0.01449089124799 10 3 0 0 2 1 3.00000000000000
70 120.77565510184698 31.59146160475806 0.45776039361954 0.02324868738651 10 3 0 0 2 1 3.00000000000000
71 120.77566007909822 31.59146362809669 0.44467139244080 0.02819480374455 10 3 0 0 2 1 3.00000000000000
72 120.77566496312465 31.59146542227276 0.42761439085007 0.04024498164654 10 3 0 0 2 1 3.00000000000000
73 120.77566998159584 31.59146707887728 0.40522539615631 0.04924822226167 10 3 0 0 2 1 3.00000000000000
74 120.77567540482325 31.59146863161261 0.37681338191032 0.05640155822039 10 3 0 0 2 1 3.00000000000000
75 120.77568065693065 31.59146997247577 0.34709540009499 0.06042815744877 10 3 0 0 2 1 3.00000000000000
76 120.77568630698210 31.59147118458156 0.31087937951088 0.07028901576996 10 3 0 0 2 1 3.00000000000000
77 120.77569176468674 31.59147208777384 0.27187839150429 0.08040869981050 10 3 0 0 2 1 3.00000000000000
78 120.77569729628379 31.59147275297734 0.23022638261318 0.08258073031902 10 3 0 0 2 1 3.00000000000000
79 120.77570258789666 31.59147316804923 0.18855138123035 0.08453988283873 10 3 0 0 2 1 3.00000000000000
80 120.77570822542580 31.59147335032168 0.14232239127159 0.09105169028044 10 3 0 0 2 1 3.00000000000000
81 120.77571355458356 31.59147325168198 0.09587738662958 0.09523104876280 10 3 0 0 2 1 3.00000000000000
82 120.77571917723867 31.59147294069133 0.04495438933372 0.09824190288782 10 3 0 0 2 1 3.00000000000000
83 120.77572476785488 31.59147237683723 -0.00573161197826 0.09617525339127 10 3 0 0 2 1 3.00000000000000
84 120.77573001376295 31.59147160395158 -0.05384861305356 0.10091068595648 10 3 0 0 2 1 3.00000000000000
85 120.77573552123168 31.59147054730481 -0.10556561499834 0.09968895465136 10 3 0 0 2 1 3.00000000000000
86 120.77574065057824 31.59146925485868 -0.15689261257648 0.10674947500229 10 3 0 0 2 1 3.00000000000000
87 120.77574599084367 31.59146763281330 -0.21324461698532 0.10709774494171 10 3 0 0 2 1 3.00000000000000
88 120.77575121127749 31.59146573694653 -0.27117460966110 0.11556655913591 10 3 0 0 2 1 3.00000000000000
89 120.77575606070735 31.59146374143186 -0.32587561011314 0.10414454340935 10 3 0 0 2 1 3.00000000000000
90 120.77576104119404 31.59146138550457 -0.38291761279106 0.11198955774307 10 3 0 0 2 1 3.00000000000000
91 120.77576548958642 31.59145883209359 -0.43892562389374 0.11233211308718 10 3 0 0 2 1 3.00000000000000
92 120.77577010777800 31.59145596800352 -0.49567261338234 0.11123607307673 10 3 0 0 2 1 3.00000000000000
93 120.77577458993994 31.59145290388703 -0.55345362424850 0.10822422802448 10 3 0 0 2 1 3.00000000000000
94 120.77577866123548 31.59144979161070 -0.60513460636139 0.09915701299906 10 3 0 0 2 1 3.00000000000000
95 120.77578281559383 31.59144630236872 -0.65870559215546 0.09932956099510 10 3 0 0 2 1 3.00000000000000
96 120.77578666117971 31.59144285822424 -0.70673060417175 0.09105062484741 10 3 0 0 2 1 3.00000000000000
97 120.77579020147151 31.59143949804662 -0.74822860956192 0.07985664904118 10 3 0 0 2 1 3.00000000000000
98 120.77579372750156 31.59143603299380 -0.78468263149261 0.06900477409363 10 3 0 0 2 1 3.00000000000000
99 120.77579743320230 31.59143227457108 -0.81861758232117 0.06144301220775 10 3 0 0 2 1 3.00000000000000
100 120.77580096356066 31.59142866357217 -0.84581762552261 0.05094258487225 10 3 0 0 2 1 3.00000000000000
101 120.77580465952816 31.59142473400880 -0.87094658613205 0.04376098886132 10 3 0 0 2 1 3.00000000000000
102 120.77580821394776 31.59142098892151 -0.89060664176941 0.03431968390942 10 3 0 0 2 1 3.00000000000000
103 120.77581175859223 31.59141717384587 -0.90524762868881 0.02525828406215 10 3 0 0 2 1 3.00000000000000
104 120.77581511298564 31.59141353270006 -0.91664558649063 0.02432078868151 10 3 0 0 2 1 3.00000000000000
105 120.77581867854737 31.59140957302393 -0.92899763584137 0.02299952507019 10 3 0 0 2 1 3.00000000000000
106 120.77582221552534 31.59140550984092 -0.94068759679794 0.01922131329775 10 3 0 0 2 1 3.00000000000000
107 120.77582557522027 31.59140165660092 -0.94696360826492 0.00960340537131 10 3 0 0 2 1 3.00000000000000
108 120.77582922260319 31.59139755857974 -0.95187163352966 0.00895881745964 10 3 0 0 2 1 3.00000000000000
109 120.77583241480612 31.59139392912918 -0.95639860630035 0.00940483994782 10 3 0 0 2 1 3.00000000000000
110 120.77583578719235 31.59138999821169 -0.96086263656616 0.00881771370769 10 3 0 0 2 1 3.00000000000000
111 120.77583891928724 31.59138629520984 -0.96533560752869 0.00860028900206 10 3 0 0 2 1 3.00000000000000
112 120.77584205104253 31.59138256027085 -0.97011458873749 0.01015345565975 10 3 0 0 2 1 3.00000000000000
113 120.77584537667774 31.59137852058793 -0.97483164072037 0.00712944846600 10 3 0 0 2 1 3.00000000000000
114 120.77584842599499 31.59137473754089 -0.97850263118744 0.00643982458860 10 3 0 0 2 1 3.00000000000000
115 120.77585142919588 31.59137101781388 -0.98178261518478 0.00621753372252 10 3 0 0 2 1 3.00000000000000
116 120.77585459486920 31.59136707941348 -0.98453658819199 0.00592584768310 10 3 0 0 2 1 3.00000000000000
117 120.77585789620576 31.59136293722665 -0.98712962865829 0.00558079779148 10 3 0 0 2 1 3.00000000000000
118 120.77586133213248 31.59135861183563 -0.98908859491348 0.00289543042891 10 3 0 0 2 1 3.00000000000000
119 120.77586450044983 31.59135459382706 -0.99015063047409 0.00130522297695 10 3 0 0 2 1 3.00000000000000
120 120.77586764722068 31.59135064360157 -0.99025362730026 0.00028425443452 10 3 0 0 2 1 3.00000000000000
121 120.77589785024243 31.59140566077548 2.13381028175354 0.13622815907001 10 3 0 0 2 1 3.00000000000000
122 120.77589474308436 31.59140951334830 2.14026832580566 -0.00978870131075 10 3 0 0 2 1 3.00000000000000
123 120.77589168384684 31.59141321239083 2.14545845985413 -0.01044849120080 10 3 0 0 2 1 3.00000000000000
124 120.77588842882780 31.59141715269661 2.14943337440491 -0.00854520965368 10 3 0 0 2 1 3.00000000000000
125 120.77588527021915 31.59142097247905 2.15307044982910 -0.00498205050826 10 3 0 0 2 1 3.00000000000000
126 120.77588218710365 31.59142469944951 2.15590643882751 -0.00443339999765 10 3 0 0 2 1 3.00000000000000
127 120.77587891805221 31.59142868508522 2.15710949897766 -0.00188965699635 10 3 0 0 2 1 3.00000000000000
128 120.77587565916859 31.59143265813548 2.15650749206543 -0.00131675065495 10 3 0 0 2 1 3.00000000000000
129 120.77587249860022 31.59143657109960 2.15505242347717 0.00592958461493 10 3 0 0 2 1 3.00000000000000
130 120.77586951896279 31.59144037296377 2.14971542358398 0.01861001923680 10 3 0 0 2 1 3.00000000000000
131 120.77586662461408 31.59144427928065 2.13920140266418 0.02354301698506 10 3 0 0 2 1 3.00000000000000
132 120.77586369040165 31.59144849212001 2.12450027465820 0.03025394491851 10 3 0 0 2 1 3.00000000000000
133 120.77586095493680 31.59145258075914 2.10935044288635 0.03169402480125 10 3 0 0 2 1 3.00000000000000
134 120.77585839329048 31.59145653931354 2.09343433380127 0.03125311806798 10 3 0 0 2 1 3.00000000000000
135 120.77585577075614 31.59146078203399 2.07623338699341 0.03421171009541 10 3 0 0 2 1 3.00000000000000
136 120.77585337385923 31.59146491746928 2.05664443969727 0.04326037690043 10 3 0 0 2 1 3.00000000000000
137 120.77585103994102 31.59146943640195 2.03124833106995 0.05236761644483 10 3 0 0 2 1 3.00000000000000
138 120.77584904558184 31.59147387895177 2.00030946731567 0.06444981694221 10 3 0 0 2 1 3.00000000000000
139 120.77584742179647 31.59147824024765 1.96541643142700 0.07563716918230 10 3 0 0 2 1 3.00000000000000
140 120.77584607002433 31.59148273314427 1.92600941658020 0.08005096763372 10 3 0 0 2 1 3.00000000000000
141 120.77584488980142 31.59148759823106 1.88227140903473 0.08394392579794 10 3 0 0 2 1 3.00000000000000
142 120.77584402538770 31.59149227953213 1.83842933177948 0.08724892884493 10 3 0 0 2 1 3.00000000000000
143 120.77584354194377 31.59149678542691 1.79328036308289 0.09493266046047 10 3 0 0 2 1 3.00000000000000
144 120.77584334096872 31.59150162068406 1.74279344081879 0.09770394116640 10 3 0 0 2 1 3.00000000000000
145 120.77584343099332 31.59150677484678 1.68807435035706 0.09562554210424 10 3 0 0 2 1 3.00000000000000
146 120.77584383452547 31.59151167117258 1.63603436946869 0.10067545622587 10 3 0 0 2 1 3.00000000000000
147 120.77584454569110 31.59151656657645 1.58431339263916 0.09785789996386 10 3 0 0 2 1 3.00000000000000
148 120.77584546982524 31.59152119750705 1.53393733501434 0.09540276229382 10 3 0 0 2 1 3.00000000000000
149 120.77584677780369 31.59152610628368 1.48029041290283 0.09653086215258 10 3 0 0 2 1 3.00000000000000
150 120.77584832119049 31.59153069830122 1.42838740348816 0.10262653976679 10 3 0 0 2 1 3.00000000000000
151 120.77585003859063 31.59153499565005 1.37889540195465 0.09928077459335 10 3 0 0 2 1 3.00000000000000
152 120.77585202318051 31.59153925332041 1.32879137992859 0.10135976225138 10 3 0 0 2 1 3.00000000000000
153 120.77585443476144 31.59154373053819 1.27541041374207 0.09830816835165 10 3 0 0 2 1 3.00000000000000
154 120.77585697808091 31.59154787024824 1.22413444519043 0.10065591335297 10 3 0 0 2 1 3.00000000000000
155 120.77585974471513 31.59155192091065 1.17250740528107 0.09886873513460 10 3 0 0 2 1 3.00000000000000
156 120.77586301870221 31.59155608677090 1.11775541305542 0.10214062035084 10 3 0 0 2 1 3.00000000000000
157 120.77586633676162 31.59155989989627 1.06610834598541 0.09738668799400 10 3 0 0 2 1 3.00000000000000
158 120.77587004137146 31.59156385486141 1.01506435871124 0.08991988748312 10 3 0 0 2 1 3.00000000000000
159 120.77587368888325 31.59156751156925 0.97034937143326 0.08189865946770 10 3 0 0 2 1 3.00000000000000
160 120.77587753785727 31.59157105658116 0.92722940444946 0.08281688392162 10 3 0 0 2 1 3.00000000000000
161 120.77588133557076 31.59157427413116 0.88579738140106 0.08336431533098 10 3 0 0 2 1 3.00000000000000
162 120.77588557882282 31.59157759408050 0.84243738651276 0.08076414465904 10 3 0 0 2 1 3.00000000000000
163 120.77589002251855 31.59158080285100 0.79947936534882 0.07760032266378 10 3 0 0 2 1 3.00000000000000
164 120.77589434136441 31.59158370318503 0.76068341732025 0.07438606768847 10 3 0 0 2 1 3.00000000000000
165 120.77589909829983 31.59158667728860 0.72007238864899 0.07136658579111 10 3 0 0 2 1 3.00000000000000
166 120.77590367640586 31.59158936960313 0.68456339836121 0.06692555546761 10 3 0 0 2 1 3.00000000000000
167 120.77590867109389 31.59159213162998 0.64912241697311 0.06248973682523 10 3 0 0 2 1 3.00000000000000
168 120.77591371789877 31.59159482320641 0.61766040325165 0.05269560590386 10 3 0 0 2 1 3.00000000000000
169 120.77591842992982 31.59159727503400 0.59401041269302 0.04266865178943 10 3 0 0 2 1 3.00000000000000
170 120.77592340172475 31.59159986851332 0.57500737905502 0.02871125191450 10 3 0 0 2 1 3.00000000000000
171 120.77592831072899 31.59160245134099 0.56059837341309 0.02299288287759 10 3 0 0 2 1 3.00000000000000
172 120.77593289137884 31.59160483703511 0.54997038841248 0.02006044238806 10 3 0 0 2 1 3.00000000000000
173 120.77593774710135 31.59160736892353 0.54209339618683 0.01103820372373 10 3 0 0 2 1 3.00000000000000
174 120.77594287498111 31.59161012045462 0.53803241252899 0.00435607600957 10 3 0 0 2 1 3.00000000000000
175 120.77594780079551 31.59161271485391 0.53408336639404 0.00831108819693 10 3 0 0 2 1 3.00000000000000
176 120.77595277405547 31.59161528239114 0.53050637245178 0.00430062785745 10 3 0 0 2 1 3.00000000000000
177 120.77595747235605 31.59161773230203 0.52800941467285 0.00627526780590 10 3 0 0 2 1 3.00000000000000
178 120.77596251686437 31.59162032000407 0.52598237991333 0.00265075825155 10 3 0 0 2 1 3.00000000000000
179 120.77591728828456 31.59165744017572 -2.64724183082581 -0.19652085006237 10 3 0 0 2 1 3.00000000000000
180 120.77591273419753 31.59165488139842 -2.64558100700378 0.00069515884388 10 3 0 0 2 1 3.00000000000000
181 120.77590789505197 31.59165248795923 -2.64461803436279 -0.00029694242403 10 3 0 0 2 1 3.00000000000000
182 120.77590297546020 31.59165003809762 -2.64378690719604 -0.00046944059432 10 3 0 0 2 1 3.00000000000000
183 120.77589833133695 31.59164771883279 -2.64299798011780 -0.00137892481871 10 3 0 0 2 1 3.00000000000000
184 120.77589370116790 31.59164538353705 -2.64208793640137 -0.00030237168539 10 3 0 0 2 1 3.00000000000000
185 120.77588902433239 31.59164303467005 -2.64118695259094 -0.00188505684491 10 3 0 0 2 1 3.00000000000000
186 120.77588445379463 31.59164065919445 -2.64031481742859 0.00067080522422 10 3 0 0 2 1 3.00000000000000
187 120.77587941952490 31.59163802956175 -2.63943099975586 0.00072979525430 10 3 0 0 2 1 3.00000000000000
188 120.77587456627012 31.59163544610603 -2.63911795616150 -0.00094330211869 10 3 0 0 2 1 3.00000000000000
189 120.77586953383127 31.59163282607120 -2.63903689384460 0.00107470690273 10 3 0 0 2 1 3.00000000000000
190 120.77586472441031 31.59163034196012 -2.64019799232483 0.00599701190367 10 3 0 0 2 1 3.00000000000000
191 120.77586015509839 31.59162803676753 -2.64412283897400 0.01061175670475 10 3 0 0 2 1 3.00000000000000
192 120.77585547484915 31.59162584997487 -2.65269994735718 0.02073644846678 10 3 0 0 2 1 3.00000000000000
193 120.77585031829250 31.59162370048604 -2.66698098182678 0.02727253362536 10 3 0 0 2 1 3.00000000000000
194 120.77584540823963 31.59162182773093 -2.68430185317993 0.03517181053758 10 3 0 0 2 1 3.00000000000000
195 120.77584043741196 31.59162007693982 -2.70495581626892 0.04511906951666 10 3 0 0 2 1 3.00000000000000
196 120.77583500098551 31.59161839954429 -2.73111295700073 0.05018532276154 10 3 0 0 2 1 3.00000000000000
197 120.77582988093819 31.59161697346287 -2.75753903388977 0.05296015739441 10 3 0 0 2 1 3.00000000000000
198 120.77582471145649 31.59161566895753 -2.78594899177551 0.05848276242614 10 3 0 0 2 1 3.00000000000000
199 120.77581910364772 31.59161446665481 -2.81908082962036 0.06482928246260 10 3 0 0 2 1 3.00000000000000
200 120.77581381175784 31.59161354810864 -2.85338592529297 0.06943348050117 10 3 0 0 2 1 3.00000000000000
201 120.77580848037974 31.59161282604525 -2.88971281051636 0.07381215691566 10 3 0 0 2 1 3.00000000000000
202 120.77580274433716 31.59161227478924 -2.93032383918762 0.07531989365816 10 3 0 0 2 1 3.00000000000000
203 120.77579738808662 31.59161196441586 -2.96967697143555 0.07978147268295 10 3 0 0 2 1 3.00000000000000
204 120.77579205009556 31.59161185288185 -3.01001787185669 0.08300364017487 10 3 0 0 2 1 3.00000000000000
205 120.77578638896048 31.59161195808698 -3.05423903465271 0.08369201421738 10 3 0 0 2 1 3.00000000000000
206 120.77578044641939 31.59161232943006 -3.10307693481445 0.08929266780615 10 3 0 0 2 1 3.00000000000000
207 120.77577460940610 31.59161300597794 3.13057637214661 0.09303686767817 10 3 0 0 2 1 3.00000000000000
208 120.77576923846888 31.59161385185362 3.08357334136963 0.09236332774162 10 3 0 0 2 1 3.00000000000000
209 120.77576364537481 31.59161496351607 3.03287839889526 0.09664390981197 10 3 0 0 2 1 3.00000000000000
210 120.77575853971911 31.59161621812761 2.98524427413940 0.09438335150480 10 3 0 0 2 1 3.00000000000000
211 120.77575323309281 31.59161777047427 2.93506932258606 0.09447168558836 10 3 0 0 2 1 3.00000000000000
212 120.77574810228084 31.59161954825449 2.88497447967529 0.09901438653469 10 3 0 0 2 1 3.00000000000000
213 120.77574283883622 31.59162167245288 2.83097338676453 0.09632190316916 10 3 0 0 2 1 3.00000000000000
214 120.77573803506749 31.59162383788025 2.78153228759766 0.09735736250877 10 3 0 0 2 1 3.00000000000000
215 120.77573339450647 31.59162616456017 2.73221850395203 0.09780606627464 10 3 0 0 2 1 3.00000000000000
216 120.77572867705064 31.59162887356510 2.68042349815369 0.09757047891617 10 3 0 0 2 1 3.00000000000000
217 120.77572436813149 31.59163158681802 2.63165831565857 0.09844692796469 10 3 0 0 2 1 3.00000000000000
218 120.77571997513613 31.59163469312580 2.57899236679077 0.09788575768471 10 3 0 0 2 1 3.00000000000000
219 120.77571598276928 31.59163777348310 2.52983236312866 0.09672550857067 10 3 0 0 2 1 3.00000000000000
220 120.77571212698511 31.59164102364921 2.48345541954041 0.08960201591253 10 3 0 0 2 1 3.00000000000000
221 120.77570813572943 31.59164459459911 2.43682336807251 0.08240585029125 10 3 0 0 2 1 3.00000000000000
222 120.77570447566036 31.59164806184070 2.39709639549255 0.07467470318079 10 3 0 0 2 1 3.00000000000000
223 120.77570090339100 31.59165162051581 2.36071848869324 0.06928236782551 10 3 0 0 2 1 3.00000000000000
224 120.77569719303150 31.59165550807341 2.32478046417236 0.06447570025921 10 3 0 0 2 1 3.00000000000000
225 120.77569377120243 31.59165924729883 2.29357838630676 0.05794633179903 10 3 0 0 2 1 3.00000000000000
226 120.77569020555572 31.59166330561511 2.26376748085022 0.05067802593112 10 3 0 0 2 1 3.00000000000000
227 120.77568690669600 31.59166719300224 2.23979330062866 0.03969357162714 10 3 0 0 2 1 3.00000000000000
228 120.77568353546296 31.59167110719709 2.22150731086731 0.02950915507972 10 3 0 0 2 1 3.00000000000000
229 120.77568036544476 31.59167481805394 2.20746135711670 0.02804432250559 10 3 0 0 2 1 3.00000000000000
230 120.77567699988063 31.59167887461788 2.19383049011230 0.02360601909459 10 3 0 0 2 1 3.00000000000000
231 120.77567361232749 31.59168301647328 2.18193244934082 0.01847007311881 10 3 0 0 2 1 3.00000000000000
232 120.77567037759947 31.59168696213335 2.17467832565308 0.01010323874652 10 3 0 0 2 1 3.00000000000000
233 120.77566729681742 31.59169069658083 2.17070531845093 0.00783529877663 10 3 0 0 2 1 3.00000000000000
234 120.77566415612195 31.59169445910970 2.16746950149536 0.00500062573701 10 3 0 0 2 1 3.00000000000000
235 120.77566078066978 31.59169854837291 2.16423249244690 0.00577778602019 10 3 0 0 2 1 3.00000000000000
236 120.77565764085033 31.59170243795185 2.16109538078308 0.00205024448223 10 3 0 0 2 1 3.00000000000000
237 120.77565446148618 31.59170640449770 2.15935730934143 0.00534950895235 10 3 0 0 2 1 3.00000000000000
238 120.77565106095744 31.59171067331055 2.15586328506470 0.00583842210472 10 3 0 0 2 1 3.00000000000000
239 120.77564791658604 31.59171464462783 2.15359735488892 0.00476854527369 10 3 0 0 2 1 3.00000000000000
240 120.77564482133747 31.59171857517727 2.15111732482910 0.00427305325866 10 3 0 0 2 1 3.00000000000000
241 120.77564156660668 31.59172276688726 2.14898037910461 0.00231240689754 10 3 0 0 2 1 3.00000000000000
242 120.77563854239506 31.59172665358996 2.14890933036804 0.00200818828307 10 3 0 0 2 1 3.00000000000000
243 120.77560037252110 31.59168356882619 -1.00047564506531 0.63266003131866 10 3 0 0 2 1 3.00000000000000
244 120.77560341850949 31.59167977526185 -0.99957960844040 -0.00144877179991 10 3 0 0 2 1 3.00000000000000
245 120.77560646130109 31.59167596767371 -0.99857759475708 -0.00077437667642 10 3 0 0 2 1 3.00000000000000
246 120.77560951985572 31.59167215527974 -0.99712562561035 -0.00228022667579 10 3 0 0 2 1 3.00000000000000
247 120.77561269580821 31.59166824675938 -0.99497359991074 -0.00277031352744 10 3 0 0 2 1 3.00000000000000
248 120.77561574946473 31.59166451186689 -0.99256759881973 -0.00415857648477 10 3 0 0 2 1 3.00000000000000
249 120.77561889739948 31.59166067093026 -0.99037563800812 -0.00370699446648 10 3 0 0 2 1 3.00000000000000
250 120.77562225999317 31.59165662948282 -0.98688364028931 -0.01081141550094 10 3 0 0 2 1 3.00000000000000
251 120.77562565600881 31.59165266623094 -0.98153162002563 -0.01147054694593 10 3 0 0 2 1 3.00000000000000
252 120.77562902134231 31.59164883663156 -0.97516763210297 -0.01256661489606 10 3 0 0 2 1 3.00000000000000
253 120.77563232277681 31.59164516033560 -0.96781563758850 -0.01464229542762 10 3 0 0 2 1 3.00000000000000
254 120.77563600659458 31.59164117307610 -0.95881462097168 -0.01818368397653 10 3 0 0 2 1 3.00000000000000
255 120.77563937265303 31.59163763536959 -0.94898462295532 -0.02023152820766 10 3 0 0 2 1 3.00000000000000
256 120.77564313688181 31.59163381342862 -0.93686759471893 -0.02305395714939 10 3 0 0 2 1 3.00000000000000
257 120.77564681230638 31.59163025258243 -0.92339360713959 -0.02630466409028 10 3 0 0 2 1 3.00000000000000
258 120.77565063902888 31.59162668650170 -0.90881162881851 -0.02688741125166 10 3 0 0 2 1 3.00000000000000
259 120.77565485760394 31.59162284549010 -0.89288860559464 -0.02731391042471 10 3 0 0 2 1 3.00000000000000
260 120.77565895348538 31.59161925205947 -0.87687063217163 -0.03051684796810 10 3 0 0 2 1 3.00000000000000
261 120.77566320479416 31.59161568717956 -0.85948759317398 -0.03163962811232 10 3 0 0 2 1 3.00000000000000
262 120.77566761461195 31.59161215770441 -0.84039461612701 -0.03459367901087 10 3 0 0 2 1 3.00000000000000
263 120.77567186711623 31.59160892133658 -0.82027763128281 -0.03954691439867 10 3 0 0 2 1 3.00000000000000
264 120.77567591183778 31.59160598015483 -0.80083960294724 -0.03731122240424 10 3 0 0 2 1 3.00000000000000
265 120.77568004958644 31.59160310847018 -0.78108960390091 -0.03991242498159 10 3 0 0 2 1 3.00000000000000
266 120.77568428999140 31.59160034070850 -0.75940161943436 -0.04530540853739 10 3 0 0 2 1 3.00000000000000
267 120.77568896683236 31.59159744000766 -0.73489159345627 -0.04706024006009 10 3 0 0 2 1 3.00000000000000
268 120.77569336304927 31.59159487819939 -0.71079158782959 -0.04977365210652 10 3 0 0 2 1 3.00000000000000
269 120.77569783057024 31.59159242857889 -0.68608260154724 -0.05003947392106 10 3 0 0 2 1 3.00000000000000
270 120.77570275462087 31.59158991102735 -0.65875160694122 -0.05150580033660 10 3 0 0 2 1 3.00000000000000
271 120.77570738484498 31.59158770421348 -0.63258761167526 -0.05421610921621 10 3 0 0 2 1 3.00000000000000
272 120.77571208663313 31.59158562720576 -0.60533958673477 -0.05654472857714 10 3 0 0 2 1 3.00000000000000
273 120.77571686365837 31.59158369332595 -0.57644963264465 -0.05917049571872 10 3 0 0 2 1 3.00000000000000
274 120.77572212023087 31.59158173471561 -0.54454058408737 -0.06089728325605 10 3 0 0 2 1 3.00000000000000
275 120.77572702731409 31.59158007730692 -0.51417559385300 -0.06282150000334 10 3 0 0 2 1 3.00000000000000
276 120.77573199317429 31.59157855602133 -0.48332062363625 -0.06265614926815 10 3 0 0 2 1 3.00000000000000
277 120.77573743830241 31.59157708111069 -0.45012760162354 -0.06155918166041 10 3 0 0 2 1 3.00000000000000
278 120.77574251233557 31.59157586774082 -0.41886761784554 -0.06315584480762 10 3 0 0 2 1 3.00000000000000
279 120.77574762986924 31.59157475250926 -0.38763460516930 -0.06249865144491 10 3 0 0 2 1 3.00000000000000
280 120.77575279425632 31.59157378492623 -0.35627859830856 -0.06350464373827 10 3 0 0 2 1 3.00000000000000
281 120.77575841771922 31.59157287408715 -0.32379660010338 -0.05565408244729 10 3 0 0 2 1 3.00000000000000
282 120.77576363922769 31.59157216476020 -0.29474961757660 -0.05936004966497 10 3 0 0 2 1 3.00000000000000
283 120.77576889410118 31.59157157419530 -0.26502060890198 -0.05969994887710 10 3 0 0 2 1 3.00000000000000
284 120.77577417475338 31.59157110612555 -0.23529061675072 -0.05907252803445 10 3 0 0 2 1 3.00000000000000
285 120.77577992324564 31.59157073361435 -0.20423060655594 -0.05699885264039 10 3 0 0 2 1 3.00000000000000
286 120.77578524056892 31.59157052093322 -0.17512461543083 -0.05829399451613 10 3 0 0 2 1 3.00000000000000
287 120.77579056465859 31.59157042924086 -0.14680361747742 -0.05551110580564 10 3 0 0 2 1 3.00000000000000
288 120.77579633980821 31.59157044901040 -0.11781360954046 -0.05291396006942 10 3 0 0 2 1 3.00000000000000
289 120.77580167086279 31.59157059741293 -0.09026461094618 -0.05404765531421 10 3 0 0 2 1 3.00000000000000
290 120.77580699577830 31.59157085564471 -0.06305861473083 -0.05169157311320 10 3 0 0 2 1 3.00000000000000
291 120.77581274158551 31.59157124757722 -0.03525661304593 -0.04809639230371 10 3 0 0 2 1 3.00000000000000
292 120.77581804260677 31.59157171387583 -0.00993761233985 -0.04845909401774 10 3 0 0 2 1 3.00000000000000
293 120.77582332650677 31.59157228277393 0.01387038826942 -0.04456634446979 10 3 0 0 2 1 3.00000000000000
294 120.77582859324087 31.59157293499358 0.03629938885570 -0.04201802611351 10 3 0 0 2 1 3.00000000000000
295 120.77583429069381 31.59157373085281 0.06090138852596 -0.04345788806677 10 3 0 0 2 1 3.00000000000000
296 120.77583953125101 31.59157455355020 0.08324439078569 -0.04412511363626 10 3 0 0 2 1 3.00000000000000
297 120.77584475275410 31.59157547898687 0.10478338599205 -0.04185219109058 10 3 0 0 2 1 3.00000000000000
298 120.77584995795715 31.59157649120450 0.12550538778305 -0.04105724021792 10 3 0 0 2 1 3.00000000000000
299 120.77585558338062 31.59157769857544 0.14883838593960 -0.04284563660622 10 3 0 0 2 1 3.00000000000000
300 120.77586076242456 31.59157889108290 0.16964238882065 -0.03867843002081 10 3 0 0 2 1 3.00000000000000
301 120.77586592260235 31.59158017732333 0.19025239348412 -0.03971881419420 10 3 0 0 2 1 3.00000000000000
302 120.77587106155029 31.59158155849989 0.21106238663197 -0.03908073157072 10 3 0 0 2 1 3.00000000000000
303 120.77587659740830 31.59158317060050 0.23322838544846 -0.03997470438480 10 3 0 0 2 1 3.00000000000000
304 120.77588169148009 31.59158472859969 0.25320538878441 -0.03891901671886 10 3 0 0 2 1 3.00000000000000
305 120.77588676396921 31.59158637315507 0.27340137958527 -0.03839441016316 10 3 0 0 2 1 3.00000000000000
306 120.77589223345288 31.59158825008230 0.29412737488747 -0.03489208221436 10 3 0 0 2 1 3.00000000000000
307 120.77589725776400 31.59159006453994 0.31232038140297 -0.03598280996084 10 3 0 0 2 1 3.00000000000000
308 120.77590225206195 31.59159195289348 0.33103039860725 -0.03613504022360 10 3 0 0 2 1 3.00000000000000
309 120.77590721186631 31.59159392681481 0.34946838021278 -0.03623225167394 10 3 0 0 2 1 3.00000000000000
310 120.77591254564047 31.59159615534606 0.36922538280487 -0.03433984890580 10 3 0 0 2 1 3.00000000000000
311 120.77591740060016 31.59159828267731 0.38712939620018 -0.03408029302955 10 3 0 0 2 1 3.00000000000000
312 120.77592217645112 31.59160046647255 0.40480139851570 -0.03280635550618 10 3 0 0 2 1 3.00000000000000
313 120.77592685750328 31.59160268529845 0.42117238044739 -0.03074816986918 10 3 0 0 2 1 3.00000000000000
314 120.77593184481574 31.59160509879727 0.43630838394165 -0.02631449513137 10 3 0 0 2 1 3.00000000000000
315 120.77593715431972 31.59160767121374 0.44909837841988 -0.01772580109537 10 3 0 0 2 1 3.00000000000000
316 120.77594239926275 31.59161017902928 0.45719939470291 -0.01154246181250 10 3 0 0 2 1 3.00000000000000
317 120.77594722639361 31.59161246786316 0.46254238486290 -0.00848396029323 10 3 0 0 2 1 3.00000000000000
318 120.77595237503252 31.59161487432641 0.46588540077209 -0.00481472769752 10 3 0 0 2 1 3.00000000000000
319 120.77595747490422 31.59161726366314 0.46806037425995 -0.00309280562215 10 3 0 0 2 1 3.00000000000000
320 120.77596213200516 31.59161946015759 0.47021439671516 -0.00563173415139 10 3 0 0 2 1 3.00000000000000
321 120.77591351338297 31.59165646922337 -2.64999485015869 0.00701417122036 10 3 0 0 2 1 3.00000000000000
322 120.77590892856095 31.59165400975614 -2.64819788932800 0.00038298068102 10 3 0 0 2 1 3.00000000000000
323 120.77590427674616 31.59165172698540 -2.64684891700745 0.00109565863386 10 3 0 0 2 1 3.00000000000000
324 120.77589959436042 31.59164943124982 -2.64564299583435 -0.00144436454866 10 3 0 0 2 1 3.00000000000000
325 120.77589452974034 31.59164686701281 -2.64322090148926 -0.00667027197778 10 3 0 0 2 1 3.00000000000000
326 120.77588957267486 31.59164429926682 -2.63933587074280 -0.01009878888726 10 3 0 0 2 1 3.00000000000000
327 120.77588448674929 31.59164159675190 -2.63440299034119 -0.00796506460756 10 3 0 0 2 1 3.00000000000000
328 120.77587990606116 31.59163908083972 -2.62920093536377 -0.01123629510403 10 3 0 0 2 1 3.00000000000000
329 120.77587511557969 31.59163638651948 -2.62173581123352 -0.01504181325436 10 3 0 0 2 1 3.00000000000000
330 120.77587045678331 31.59163368248095 -2.61213183403015 -0.01914866641164 10 3 0 0 2 1 3.00000000000000
331 120.77586594398393 31.59163103446078 -2.60096883773804 -0.02243782766163 10 3 0 0 2 1 3.00000000000000
332 120.77586139511345 31.59162819035905 -2.58723783493042 -0.02858287096024 10 3 0 0 2 1 3.00000000000000
333 120.77585710746904 31.59162533989262 -2.57099890708923 -0.03235226869583 10 3 0 0 2 1 3.00000000000000
334 120.77585253330086 31.59162210650346 -2.55045580863953 -0.04034334421158 10 3 0 0 2 1 3.00000000000000
335 120.77584856550935 31.59161912914231 -2.52879500389099 -0.04640498757362 10 3 0 0 2 1 3.00000000000000
336 120.77584436854144 31.59161570696947 -2.50162482261658 -0.05175887420774 10 3 0 0 2 1 3.00000000000000
337 120.77584052636431 31.59161230980926 -2.47420001029968 -0.05400932207704 10 3 0 0 2 1 3.00000000000000
338 120.77583654613906 31.59160844110148 -2.44076490402222 -0.06128305569291 10 3 0 0 2 1 3.00000000000000
339 120.77583296510838 31.59160465651018 -2.40641188621521 -0.06576129794121 10 3 0 0 2 1 3.00000000000000
340 120.77582954433188 31.59160068489653 -2.36979389190674 -0.06871852278709 10 3 0 0 2 1 3.00000000000000
341 120.77582650860288 31.59159688611243 -2.33604001998901 -0.06649960577488 10 3 0 0 2 1 3.00000000000000
342 120.77582339432392 31.59159268871178 -2.29917383193970 -0.06980063021183 10 3 0 0 2 1 3.00000000000000
343 120.77582044797116 31.59158840152866 -2.26238584518433 -0.06781098991632 10 3 0 0 2 1 3.00000000000000
344 120.77581787506197 31.59158432255683 -2.22899198532104 -0.06466864794493 10 3 0 0 2 1 3.00000000000000
345 120.77581522837883 31.59157987665855 -2.19483184814453 -0.06061595678329 10 3 0 0 2 1 3.00000000000000
346 120.77581272766623 31.59157536668394 -2.16143298149109 -0.05960419774055 10 3 0 0 2 1 3.00000000000000
347 120.77581055091520 31.59157112322024 -2.13059186935425 -0.06055282801390 10 3 0 0 2 1 3.00000000000000
348 120.77580836770137 31.59156649254592 -2.09775185585022 -0.06145428121090 10 3 0 0 2 1 3.00000000000000
349 120.77580635983121 31.59156180550160 -2.06481194496155 -0.06019948422909 10 3 0 0 2 1 3.00000000000000
350 120.77580442596479 31.59155671182437 -2.02907180786133 -0.06146097928286 10 3 0 0 2 1 3.00000000000000
351 120.77580280829690 31.59155191361193 -1.99602890014648 -0.06022606045008 10 3 0 0 2 1 3.00000000000000
352 120.77580137591821 31.59154707051054 -1.96284592151642 -0.05952483043075 10 3 0 0 2 1 3.00000000000000
353 120.77580012578342 31.59154220309883 -1.93006789684296 -0.06006130948663 10 3 0 0 2 1 3.00000000000000
354 120.77579913506122 31.59153765820074 -1.89968192577362 -0.05916104838252 10 3 0 0 2 1 3.00000000000000
355 120.77579824255389 31.59153275538232 -1.86768686771393 -0.05824653804302 10 3 0 0 2 1 3.00000000000000
356 120.77579753175993 31.59152783527048 -1.83655095100403 -0.05563570186496 10 3 0 0 2 1 3.00000000000000
357 120.77579701082459 31.59152329159402 -1.80843794345856 -0.05582420900464 10 3 0 0 2 1 3.00000000000000
358 120.77579657493204 31.59151839024645 -1.77854692935944 -0.05479928851128 10 3 0 0 2 1 3.00000000000000
359 120.77579631915427 31.59151350760088 -1.75001192092896 -0.05075807124376 10 3 0 0 2 1 3.00000000000000
360 120.77579620308268 31.59150897405382 -1.72438991069794 -0.04988575354218 10 3 0 0 2 1 3.00000000000000
361 120.77579619404467 31.59150411047757 -1.69806587696075 -0.04736653342843 10 3 0 0 2 1 3.00000000000000
362 120.77579630397196 31.59149926339663 -1.67206788063049 -0.04812039062381 10 3 0 0 2 1 3.00000000000000
363 120.77579657152131 31.59149408823746 -1.64537489414215 -0.04756567627192 10 3 0 0 2 1 3.00000000000000
364 120.77579697533976 31.59148927315195 -1.62055993080139 -0.04753980413079 10 3 0 0 2 1 3.00000000000000
365 120.77579747228074 31.59148447985015 -1.59665060043335 -0.04339302331209 10 3 0 0 2 1 3.00000000000000
366 120.77579813226069 31.59147936067802 -1.57112157344818 -0.04304445907474 10 3 0 0 2 1 3.00000000000000
367 120.77579889966849 31.59147460517845 -1.54787456989288 -0.04259802773595 10 3 0 0 2 1 3.00000000000000
368 120.77579976404778 31.59146986675253 -1.52589762210846 -0.04049373418093 10 3 0 0 2 1 3.00000000000000
369 120.77580077555967 31.59146481598409 -1.50381565093994 -0.03839183226228 10 3 0 0 2 1 3.00000000000000
370 120.77580182897609 31.59146011947381 -1.48376166820526 -0.03761027753353 10 3 0 0 2 1 3.00000000000000
371 120.77580299592815 31.59145544301987 -1.46382856369019 -0.03709891065955 10 3 0 0 2 1 3.00000000000000
372 120.77580438815862 31.59145045862669 -1.44078862667084 -0.04177245870233 10 3 0 0 2 1 3.00000000000000
373 120.77580585635363 31.59144584135884 -1.41739463806152 -0.04572417959571 10 3 0 0 2 1 3.00000000000000
374 120.77580749332564 31.59144127203754 -1.39240062236786 -0.04929331317544 10 3 0 0 2 1 3.00000000000000
375 120.77580941233245 31.59143642562897 -1.36526262760162 -0.04881263524294 10 3 0 0 2 1 3.00000000000000
376 120.77581134667258 31.59143194886281 -1.33975160121918 -0.04762921109796 10 3 0 0 2 1 3.00000000000000
377 120.77581340820363 31.59142749871485 -1.31460464000702 -0.04832359030843 10 3 0 0 2 1 3.00000000000000
378 120.77581577631186 31.59142279394904 -1.28719162940979 -0.04800250008702 10 3 0 0 2 1 3.00000000000000
379 120.77581811550230 31.59141845426088 -1.26202559471130 -0.04754136875272 10 3 0 0 2 1 3.00000000000000
380 120.77582057653417 31.59141415912649 -1.23665964603424 -0.04928389191628 10 3 0 0 2 1 3.00000000000000
381 120.77582335334122 31.59140962020942 -1.20947062969208 -0.04709107801318 10 3 0 0 2 1 3.00000000000000
382 120.77582605544561 31.59140542465762 -1.18501365184784 -0.04597946256399 10 3 0 0 2 1 3.00000000000000
383 120.77582887074607 31.59140127924713 -1.16084456443787 -0.04548086225986 10 3 0 0 2 1 3.00000000000000
384 120.77583181152413 31.59139717907923 -1.13744366168976 -0.04333908483386 10 3 0 0 2 1 3.00000000000000
385 120.77583503513507 31.59139285229734 -1.11486065387726 -0.03643101826310 10 3 0 0 2 1 3.00000000000000
386 120.77583809384259 31.59138888514622 -1.09461665153503 -0.03454383462667 10 3 0 0 2 1 3.00000000000000
387 120.77584119478928 31.59138497683493 -1.07729160785675 -0.03088358789682 10 3 0 0 2 1 3.00000000000000
388 120.77584450539385 31.59138082794347 -1.06282258033752 -0.02084366790950 10 3 0 0 2 1 3.00000000000000
389 120.77584751130881 31.59137696637339 -1.05327856540680 -0.01573270559311 10 3 0 0 2 1 3.00000000000000
390 120.77585047051369 31.59137312184359 -1.04638361930847 -0.01213652547449 10 3 0 0 2 1 3.00000000000000
391 120.77585360459076 31.59136903043118 -1.04112660884857 -0.00772525276989 10 3 0 0 2 1 3.00000000000000
392 120.77585687481073 31.59136472898781 -1.03856360912323 -0.00315961893648 10 3 0 0 2 1 3.00000000000000
393 120.77586006034947 31.59136046017014 -1.03837656974792 0.00165754300542 10 3 0 0 2 1 3.00000000000000
394 120.77586298315533 31.59135651832475 -1.03838062286377 -0.00019425174105 10 3 0 0 2 1 3.00000000000000
395 120.77586600030476 31.59135243929712 -1.03773355484009 -0.00156966806389 10 3 0 0 2 1 3.00000000000000
396 120.77589719416494 31.59140684916114 2.11477327346802 -0.04068453237414 10 3 0 0 2 1 3.00000000000000
397 120.77589427268244 31.59141066991597 2.11749029159546 -0.00460951449350 10 3 0 0 2 1 3.00000000000000
398 120.77589134422051 31.59141453485374 2.11975741386414 -0.00684919068590 10 3 0 0 2 1 3.00000000000000
399 120.77588843442970 31.59141832982603 2.12201833724976 -0.00181686365977 10 3 0 0 2 1 3.00000000000000
400 120.77588535976194 31.59142236165575 2.12403750419617 -0.00220087473281 10 3 0 0 2 1 3.00000000000000
401 120.77588227678511 31.59142637647598 2.12542748451233 -0.00077866396168 10 3 0 0 2 1 3.00000000000000
402 120.77587903373072 31.59143056107381 2.12724447250366 -0.00358146382496 10 3 0 0 2 1 3.00000000000000
403 120.77587574889904 31.59143479105287 2.12873935699463 -0.00491511682048 10 3 0 0 2 1 3.00000000000000
404 120.77587241862840 31.59143895139098 2.13325834274292 -0.01120216120034 10 3 0 0 2 1 3.00000000000000
405 120.77586906407026 31.59144297148881 2.14046430587769 -0.01655323617160 10 3 0 0 2 1 3.00000000000000
406 120.77586549114437 31.59144704621297 2.15060830116272 -0.01897311955690 10 3 0 0 2 1 3.00000000000000
407 120.77586193606186 31.59145092836841 2.16265940666199 -0.02199317887425 10 3 0 0 2 1 3.00000000000000
408 120.77585845670239 31.59145456436997 2.17614531517029 -0.02609725855291 10 3 0 0 2 1 3.00000000000000
409 120.77585479752889 31.59145822668814 2.19181847572327 -0.02958044782281 10 3 0 0 2 1 3.00000000000000
410 120.77585122315338 31.59146162372298 2.20852136611938 -0.03300936147571 10 3 0 0 2 1 3.00000000000000
411 120.77584717506218 31.59146527317792 2.22872543334961 -0.03677311167121 10 3 0 0 2 1 3.00000000000000
412 120.77584295317172 31.59146888964773 2.24976444244385 -0.03638571128249 10 3 0 0 2 1 3.00000000000000
413 120.77583889381937 31.59147221716605 2.27007150650024 -0.04009540751576 10 3 0 0 2 1 3.00000000000000
414 120.77583434720616 31.59147570776330 2.29504442214966 -0.04408589005470 10 3 0 0 2 1 3.00000000000000
415 120.77582932075255 31.59147934986191 2.32218146324158 -0.04267944395542 10 3 0 0 2 1 3.00000000000000
416 120.77582521099335 31.59148219796142 2.34387350082397 -0.04198763519526 10 3 0 0 2 1 3.00000000000000
417 120.77582100662096 31.59148496948363 2.36574840545654 -0.04382484778762 10 3 0 0 2 1 3.00000000000000
418 120.77581671626950 31.59148766315332 2.38772034645081 -0.04161890596151 10 3 0 0 2 1 3.00000000000000
419 120.77581198311321 31.59149050159152 2.41170048713684 -0.04504143446684 10 3 0 0 2 1 3.00000000000000
420 120.77580752627632 31.59149304207680 2.43433642387390 -0.04423265159130 10 3 0 0 2 1 3.00000000000000
421 120.77580298814533 31.59149549329918 2.45766329765320 -0.04526729881763 10 3 0 0 2 1 3.00000000000000
422 120.77579796372083 31.59149800792112 2.48405337333679 -0.04841669276357 10 3 0 0 2 1 3.00000000000000
423 120.77579323131027 31.59150021762246 2.50990843772888 -0.05093522369862 10 3 0 0 2 1 3.00000000000000
424 120.77578841327136 31.59150231054490 2.53719544410706 -0.05365139245987 10 3 0 0 2 1 3.00000000000000
425 120.77578351763938 31.59150427164042 2.56511235237122 -0.05533442646265 10 3 0 0 2 1 3.00000000000000
426 120.77577813389873 31.59150624932390 2.59567832946777 -0.05534920841455 10 3 0 0 2 1 3.00000000000000
427 120.77577311518779 31.59150796636488 2.62348341941833 -0.05493135005236 10 3 0 0 2 1 3.00000000000000
428 120.77576803948888 31.59150956242384 2.65185737609863 -0.05641746520996 10 3 0 0 2 1 3.00000000000000
429 120.77576248195926 31.59151113926087 2.68210029602051 -0.05121955275536 10 3 0 0 2 1 3.00000000000000
430 120.77575730655872 31.59151247335556 2.70937728881836 -0.05454941093922 10 3 0 0 2 1 3.00000000000000
431 120.77575209137601 31.59151368458883 2.73848032951355 -0.05711663514376 10 3 0 0 2 1 3.00000000000000
432 120.77574683924848 31.59151478808847 2.76675748825073 -0.05324723571539 10 3 0 0 2 1 3.00000000000000
433 120.77574111248119 31.59151584191295 2.79642248153687 -0.05442919954658 10 3 0 0 2 1 3.00000000000000
434 120.77573579865536 31.59151667354325 2.82488346099854 -0.05585771799088 10 3 0 0 2 1 3.00000000000000
435 120.77573046139281 31.59151739436135 2.85211730003357 -0.05347832664847 10 3 0 0 2 1 3.00000000000000
436 120.77572465894521 31.59151805604276 2.88142132759094 -0.05359182506800 10 3 0 0 2 1 3.00000000000000
437 120.77571928878591 31.59151854023644 2.90894842147827 -0.05427796393633 10 3 0 0 2 1 3.00000000000000
438 120.77571391296874 31.59151889247785 2.93534636497498 -0.05100710690022 10 3 0 0 2 1 3.00000000000000
439 120.77570854323912 31.59151913896922 2.96116542816162 -0.05124666914344 10 3 0 0 2 1 3.00000000000000
440 120.77570274788866 31.59151927597474 2.98985242843628 -0.05267994105816 10 3 0 0 2 1 3.00000000000000
441 120.77569742003668 31.59151926186684 3.01678943634033 -0.05341260880232 10 3 0 0 2 1 3.00000000000000
442 120.77569211552678 31.59151909931516 3.04418444633484 -0.05572107061744 10 3 0 0 2 1 3.00000000000000
443 120.77568684327191 31.59151880084020 3.07242035865784 -0.05561812594533 10 3 0 0 2 1 3.00000000000000
444 120.77568117416807 31.59151833638571 3.10225749015808 -0.05439306050539 10 3 0 0 2 1 3.00000000000000
445 120.77567509733979 31.59151769175419 3.13405036926270 -0.05497349053621 10 3 0 0 2 1 3.00000000000000
446 120.77566908351650 31.59151689293395 -3.11717391014099 -0.05396391823888 10 3 0 0 2 1 3.00000000000000
447 120.77566353990531 31.59151600532882 -3.08802390098572 -0.05468936264515 10 3 0 0 2 1 3.00000000000000
448 120.77565763315758 31.59151490396660 -3.05688285827637 -0.05454403162003 10 3 0 0 2 1 3.00000000000000
449 120.77565178878677 31.59151365355210 -3.02554702758789 -0.05590213090181 10 3 0 0 2 1 3.00000000000000
450 120.77564641904462 31.59151234386987 -2.99610400199890 -0.05516986921430 10 3 0 0 2 1 3.00000000000000
451 120.77564071112954 31.59151079728895 -2.96499681472778 -0.05390470847487 10 3 0 0 2 1 3.00000000000000
452 120.77563506503081 31.59150911029980 -2.93331480026245 -0.05539174750447 10 3 0 0 2 1 3.00000000000000
453 120.77562912734248 31.59150714476617 -2.90020489692688 -0.05429193377495 10 3 0 0 2 1 3.00000000000000
454 120.77562367155086 31.59150515936305 -2.86946702003479 -0.05396348610520 10 3 0 0 2 1 3.00000000000000
455 120.77561829431690 31.59150305287094 -2.83895492553711 -0.05436325073242 10 3 0 0 2 1 3.00000000000000
456 120.77561262695701 31.59150066908296 -2.80719280242920 -0.05073750764132 10 3 0 0 2 1 3.00000000000000
457 120.77560742043147 31.59149835227266 -2.77971887588501 -0.04868889600039 10 3 0 0 2 1 3.00000000000000
458 120.77560229496653 31.59149596675881 -2.75439596176147 -0.04411532357335 10 3 0 0 2 1 3.00000000000000
459 120.77559758756601 31.59149370352922 -2.73360490798950 -0.03786423057318 10 3 0 0 2 1 3.00000000000000
460 120.77559256318008 31.59149126495061 -2.71535086631775 -0.03022133931518 10 3 0 0 2 1 3.00000000000000
461 120.77558755731104 31.59148885244602 -2.70144200325012 -0.02037575840950 10 3 0 0 2 1 3.00000000000000
462 120.77558254588932 31.59148647797725 -2.69258499145508 -0.01205351483077 10 3 0 0 2 1 3.00000000000000
463 120.77557791625269 31.59148429830219 -2.68686103820801 -0.01022867020220 10 3 0 0 2 1 3.00000000000000
464 120.77557294331964 31.59148196793225 -2.68159389495850 -0.00797857716680 10 3 0 0 2 1 3.00000000000000
465 120.77556800500101 31.59147964108179 -2.67679500579834 -0.00801393017173 10 3 0 0 2 1 3.00000000000000
