Id Lon Lat heading curvature mode SpeedMode EventMode OppositeSideMode LaneNum LaneSeq LaneWidth
0 120.77750466923843 31.59237277490470 0.50658637285233 0.17746265232563 10 3 0 0 3 1 3.50000000000000
1 120.77750930903250 31.59237522645908 0.50807040929794 -0.00080510257976 10 3 0 0 3 1 3.50000000000000
2 120.77751408539025 31.59237768616406 0.50984740257263 -0.00029182989965 10 3 0 0 3 1 3.50000000000000
3 120.77751884209596 31.59238013506865 0.51099836826324 -0.00207022391260 10 3 0 0 3 1 3.50000000000000
4 120.77752341509975 31.59238248377719 0.51162040233612 -0.00602830108255 10 3 0 0 3 1 3.50000000000000
5 120.77752823457942 31.59238495813524 0.51215040683746 -0.00224246713333 10 3 0 0 3 1 3.50000000000000
6 120.77753280604242 31.59238733492553 0.51302641630173 -0.00274196453393 10 3 0 0 3 1 3.50000000000000
7 120.77753745354381 31.59238973652666 0.51354837417603 -0.00021029145864 10 3 0 0 3 1 3.50000000000000
8 120.77754207651714 31.59239211386311 0.51338541507721 0.00116032548249 10 3 0 0 3 1 3.50000000000000
9 120.77754664163433 31.59239440334353 0.51182937622070 0.00106547749601 10 3 0 0 3 1 3.50000000000000
10 120.77755165149408 31.59239688432402 0.50951635837555 0.00762408273295 10 3 0 0 3 1 3.50000000000000
11 120.77755659433284 31.59239928743918 0.50500041246414 0.01123376004398 10 3 0 0 3 1 3.50000000000000
12 120.77756173275166 31.59240167870708 0.49670839309692 0.01526658888906 10 3 0 0 3 1 3.50000000000000
13 120.77756675134098 31.59240394486989 0.48743739724159 0.01909852400422 10 3 0 0 3 1 3.50000000000000
14 120.77757161555971 31.59240608528978 0.47630038857460 0.02334659546614 10 3 0 0 3 1 3.50000000000000
15 120.77757697397560 31.59240826255775 0.46124139428139 0.02770185656846 10 3 0 0 3 1 3.50000000000000
16 120.77758218100507 31.59241024208814 0.44476437568665 0.03202469646931 10 3 0 0 3 1 3.50000000000000
17 120.77758754792868 31.59241211309780 0.42567539215088 0.03460771963000 10 3 0 0 3 1 3.50000000000000
18 120.77759271906548 31.59241379533968 0.40630739927292 0.03854589164257 10 3 0 0 3 1 3.50000000000000
19 120.77759835918992 31.59241549087653 0.38407939672470 0.04037711769342 10 3 0 0 3 1 3.50000000000000
20 120.77760341072982 31.59241687680030 0.36241438984871 0.04625943303108 10 3 0 0 3 1 3.50000000000000
21 120.77760893351098 31.59241823310589 0.33811438083649 0.04372911527753 10 3 0 0 3 1 3.50000000000000
22 120.77761417530945 31.59241940681288 0.31526437401772 0.04659617319703 10 3 0 0 3 1 3.50000000000000
23 120.77761950900806 31.59242046546404 0.29085940122604 0.04805450886488 10 3 0 0 3 1 3.50000000000000
24 120.77762528724087 31.59242147374743 0.26264938712120 0.05295986682177 10 3 0 0 3 1 3.50000000000000
25 120.77763075283089 31.59242223440563 0.23427538573742 0.05506855621934 10 3 0 0 3 1 3.50000000000000
26 120.77763626541480 31.59242284530639 0.20458339154720 0.05798809230328 10 3 0 0 3 1 3.50000000000000
27 120.77764182275823 31.59242328673756 0.17291638255119 0.06087641790509 10 3 0 0 3 1 3.50000000000000
28 120.77764780840286 31.59242356255711 0.13767638802528 0.06381010264158 10 3 0 0 3 1 3.50000000000000
29 120.77765341906672 31.59242361692142 0.10281939059496 0.06970635801554 10 3 0 0 3 1 3.50000000000000
30 120.77765903399802 31.59242347084824 0.06646639108658 0.06946177780628 10 3 0 0 3 1 3.50000000000000
31 120.77766504430402 31.59242311737651 0.02632638812065 0.07155832648277 10 3 0 0 3 1 3.50000000000000
32 120.77767063397989 31.59242255272705 -0.01289561204612 0.07677545398474 10 3 0 0 3 1 3.50000000000000
33 120.77767617172590 31.59242177342519 -0.05369761213660 0.07916755229235 10 3 0 0 3 1 3.50000000000000
34 120.77768204867189 31.59242067742700 -0.09911061078310 0.08142987638712 10 3 0 0 3 1 3.50000000000000
35 120.77768746517205 31.59241942874733 -0.14220860600471 0.08529909700155 10 3 0 0 3 1 3.50000000000000
36 120.77769319437992 31.59241788474106 -0.18813461065292 0.08264753222466 10 3 0 0 3 1 3.50000000000000
37 120.77769845207824 31.59241624158955 -0.23103761672974 0.08305618911982 10 3 0 0 3 1 3.50000000000000
38 120.77770361611636 31.59241443007026 -0.27402561903000 0.08082296699286 10 3 0 0 3 1 3.50000000000000
39 120.77770866009821 31.59241242091030 -0.31669861078262 0.08303041011095 10 3 0 0 3 1 3.50000000000000
40 120.77771390958695 31.59241006795161 -0.36239862442017 0.08370392024517 10 3 0 0 3 1 3.50000000000000
41 120.77771864682950 31.59240772067382 -0.40504461526871 0.08481559902430 10 3 0 0 3 1 3.50000000000000
42 120.77772324292155 31.59240526108948 -0.44718161225319 0.08052009344101 10 3 0 0 3 1 3.50000000000000
43 120.77772797576402 31.59240247969081 -0.49100160598755 0.08067667484283 10 3 0 0 3 1 3.50000000000000
44 120.77773219345735 31.59239972016180 -0.53182762861252 0.08301179856062 10 3 0 0 3 1 3.50000000000000
45 120.77773627575523 31.59239684060067 -0.57287859916687 0.08376938104630 10 3 0 0 3 1 3.50000000000000
46 120.77774052474162 31.59239360427101 -0.61640262603760 0.08265191316605 10 3 0 0 3 1 3.50000000000000
47 120.77774435720873 31.59239042863574 -0.65713959932327 0.08135873824358 10 3 0 0 3 1 3.50000000000000
48 120.77774806571624 31.59238711108103 -0.69683563709259 0.07781911641359 10 3 0 0 3 1 3.50000000000000
49 120.77775192677142 31.59238342482670 -0.73773360252380 0.07247869670391 10 3 0 0 3 1 3.50000000000000
50 120.77775544949067 31.59237987871467 -0.77337259054184 0.06748180091381 10 3 0 0 3 1 3.50000000000000
51 120.77775891413486 31.59237625134230 -0.80580663681030 0.06060232967138 10 3 0 0 3 1 3.50000000000000
52 120.77776257888819 31.59237228689591 -0.83694159984589 0.05455558747053 10 3 0 0 3 1 3.50000000000000
53 120.77776592463714 31.59236850011780 -0.86369663476944 0.04734784364700 10 3 0 0 3 1 3.50000000000000
54 120.77776926290832 31.59236466075287 -0.88658463954926 0.03717956319451 10 3 0 0 3 1 3.50000000000000
55 120.77777285186120 31.59236050801824 -0.90615659952164 0.03135135397315 10 3 0 0 3 1 3.50000000000000
56 120.77777619842830 31.59235660566329 -0.92087262868881 0.02513849921525 10 3 0 0 3 1 3.50000000000000
57 120.77777954098609 31.59235268163958 -0.93270564079285 0.02191392704844 10 3 0 0 3 1 3.50000000000000
58 120.77778265185491 31.59234902590061 -0.94207561016083 0.01672223582864 10 3 0 0 3 1 3.50000000000000
59 120.77778602898250 31.59234508852492 -0.94867259263992 0.01039389893413 10 3 0 0 3 1 3.50000000000000
60 120.77778942008905 31.59234114452321 -0.95341962575912 0.00628224760294 10 3 0 0 3 1 3.50000000000000
61 120.77779282196103 31.59233719836353 -0.95661860704422 0.00396188348532 10 3 0 0 3 1 3.50000000000000
62 120.77779599667124 31.59233353661102 -0.95782262086868 -0.00009696450434 10 3 0 0 3 1 3.50000000000000
63 120.77779942883562 31.59232958081431 -0.95810759067535 0.00156072014943 10 3 0 0 3 1 3.50000000000000
64 120.77780286480944 31.59232561288151 -0.95927858352661 0.00254050688818 10 3 0 0 3 1 3.50000000000000
65 120.77780602673137 31.59232189064588 -0.96109163761139 0.00196622032672 10 3 0 0 3 1 3.50000000000000
66 120.77780943210341 31.59231784620151 -0.96325159072876 0.00312771508470 10 3 0 0 3 1 3.50000000000000
67 120.77781284939662 31.59231376990473 -0.96483361721039 0.00127686455380 10 3 0 0 3 1 3.50000000000000
68 120.77781653013324 31.59230941825543 -0.96531963348389 0.00021321261011 10 3 0 0 3 1 3.50000000000000
69 120.77781992072396 31.59230538378944 -0.96565961837769 0.00123679498211 10 3 0 0 3 1 3.50000000000000
70 120.77782326890701 31.59230136887015 -0.96626561880112 0.00380812748335 10 3 0 0 3 1 3.50000000000000
71 120.77782656441160 31.59229737731814 -0.96664661169052 0.00206903368235 10 3 0 0 3 1 3.50000000000000
72 120.77783009115879 31.59229315923422 -0.96675962209702 -0.00084599753609 10 3 0 0 3 1 3.50000000000000
73 120.77783333906974 31.59228926485528 -0.96660560369492 0.00033960811561 10 3 0 0 3 1 3.50000000000000
74 120.77783677591613 31.59228514639203 -0.96612560749054 0.00213235407136 10 3 0 0 3 1 3.50000000000000
75 120.77783993570459 31.59228133502562 -0.96618360280991 0.00071853579720 10 3 0 0 3 1 3.50000000000000
76 120.77784302846253 31.59227756729847 -0.96763962507248 0.00215394166298 10 3 0 0 3 1 3.50000000000000
77 120.77784631018469 31.59227357826535 -0.96872359514236 0.00245769764297 10 3 0 0 3 1 3.50000000000000
78 120.77784975310239 31.59226937890455 -0.96997660398483 0.00382190011442 10 3 0 0 3 1 3.50000000000000
79 120.77800137677505 31.59236299622277 2.14562034606934 0.16593083739281 10 3 0 0 3 1 3.50000000000000
80 120.77799813478890 31.59236681270466 2.14838242530823 -0.00664948485792 10 3 0 0 3 1 3.50000000000000
81 120.77799490850894 31.59237070538315 2.15114545822144 -0.00649635354057 10 3 0 0 3 1 3.50000000000000
82 120.77799179069233 31.59237446091775 2.15370035171509 -0.00529871182516 10 3 0 0 3 1 3.50000000000000
83 120.77798850895296 31.59237840262074 2.15633034706116 -0.00349675491452 10 3 0 0 3 1 3.50000000000000
84 120.77798526604079 31.59238226169623 2.15811944007874 -0.00499095534906 10 3 0 0 3 1 3.50000000000000
85 120.77798192565224 31.59238627394670 2.15968942642212 -0.00042635138379 10 3 0 0 3 1 3.50000000000000
86 120.77797857836129 31.59239033692172 2.16097640991211 -0.00305308424868 10 3 0 0 3 1 3.50000000000000
87 120.77797524387996 31.59239432154324 2.16177439689636 -0.00154247903265 10 3 0 0 3 1 3.50000000000000
88 120.77797198460301 31.59239822380769 2.16176342964172 0.00025148791610 10 3 0 0 3 1 3.50000000000000
89 120.77796860344621 31.59240227493838 2.16100144386292 0.00180993275717 10 3 0 0 3 1 3.50000000000000
90 120.77796534411759 31.59240619204547 2.15992736816406 0.00332213705406 10 3 0 0 3 1 3.50000000000000
91 120.77796227194665 31.59240994397999 2.15733242034912 0.00537357758731 10 3 0 0 3 1 3.50000000000000
92 120.77795918829236 31.59241378766762 2.15319848060608 0.00904226209968 10 3 0 0 3 1 3.50000000000000
93 120.77795586685555 31.59241800110934 2.14678740501404 0.01216908358037 10 3 0 0 3 1 3.50000000000000
94 120.77795278847790 31.59242204779579 2.13972043991089 0.01434270478785 10 3 0 0 3 1 3.50000000000000
95 120.77794975121303 31.59242618926616 2.13050246238708 0.01895193569362 10 3 0 0 3 1 3.50000000000000
96 120.77794700016506 31.59243011016888 2.11992645263672 0.02322588674724 10 3 0 0 3 1 3.50000000000000
97 120.77794413815619 31.59243442622765 2.10514140129089 0.03063117712736 10 3 0 0 3 1 3.50000000000000
98 120.77794142080808 31.59243881845147 2.08676028251648 0.03567883744836 10 3 0 0 3 1 3.50000000000000
99 120.77793902529437 31.59244298718469 2.06692242622375 0.04218861833215 10 3 0 0 3 1 3.50000000000000
100 120.77793661806790 31.59244756814686 2.04171538352966 0.04812300205231 10 3 0 0 3 1 3.50000000000000
101 120.77793438932454 31.59245225891146 2.01433348655701 0.05069451034069 10 3 0 0 3 1 3.50000000000000
102 120.77793231460527 31.59245704634354 1.98396539688110 0.05563812330365 10 3 0 0 3 1 3.50000000000000
103 120.77793056397418 31.59246156314403 1.95355939865112 0.05932409316301 10 3 0 0 3 1 3.50000000000000
104 120.77792894417163 31.59246654235281 1.91771638393402 0.06544971466064 10 3 0 0 3 1 3.50000000000000
105 120.77792756432873 31.59247158497992 1.87948834896088 0.06788426637650 10 3 0 0 3 1 3.50000000000000
106 120.77792651434685 31.59247632499989 1.84275436401367 0.06929320096970 10 3 0 0 3 1 3.50000000000000
107 120.77792559288335 31.59248146717045 1.80325436592102 0.06840512156487 10 3 0 0 3 1 3.50000000000000
108 120.77792489808638 31.59248664721600 1.76354444026947 0.06924994289875 10 3 0 0 3 1 3.50000000000000
109 120.77792447984110 31.59249147652683 1.72663033008575 0.06901416927576 10 3 0 0 3 1 3.50000000000000
110 120.77792423845176 31.59249669157921 1.68646037578583 0.07137559354305 10 3 0 0 3 1 3.50000000000000
111 120.77792424145670 31.59250192956884 1.64638042449951 0.06871375441551 10 3 0 0 3 1 3.50000000000000
112 120.77792443908869 31.59250678665470 1.60962641239166 0.07057720422745 10 3 0 0 3 1 3.50000000000000
113 120.77792495093991 31.59251201733168 1.56918835639954 0.07019200176001 10 3 0 0 3 1 3.50000000000000
114 120.77792564952370 31.59251724226349 1.52870035171509 0.06897808611393 10 3 0 0 3 1 3.50000000000000
115 120.77792644109371 31.59252171598033 1.49422943592072 0.06843036413193 10 3 0 0 3 1 3.50000000000000
116 120.77792751730178 31.59252653879181 1.45679938793182 0.06849475204945 10 3 0 0 3 1 3.50000000000000
117 120.77792872182057 31.59253094945375 1.42191135883331 0.07156985253096 10 3 0 0 3 1 3.50000000000000
118 120.77793010625220 31.59253532758647 1.38676142692566 0.07043293118477 10 3 0 0 3 1 3.50000000000000
119 120.77793176112976 31.59254003309397 1.34968042373657 0.06771069020033 10 3 0 0 3 1 3.50000000000000
120 120.77793345236104 31.59254433105585 1.31598734855652 0.06732223927975 10 3 0 0 3 1 3.50000000000000
121 120.77793531090319 31.59254858428949 1.28320837020874 0.06532765924931 10 3 0 0 3 1 3.50000000000000
122 120.77793734011232 31.59255277438345 1.25049138069153 0.06696765124798 10 3 0 0 3 1 3.50000000000000
123 120.77793970045664 31.59255723983684 1.21460533142090 0.06566119194031 10 3 0 0 3 1 3.50000000000000
124 120.77794201306418 31.59256129817247 1.18206834793091 0.06531471014023 10 3 0 0 3 1 3.50000000000000
125 120.77794490973723 31.59256592552551 1.14494442939758 0.06474135071039 10 3 0 0 3 1 3.50000000000000
126 120.77794781192745 31.59257010663454 1.10931932926178 0.06768851727247 10 3 0 0 3 1 3.50000000000000
127 120.77795106171925 31.59257452111023 1.07138633728027 0.06727416068316 10 3 0 0 3 1 3.50000000000000
128 120.77795450679687 31.59257879440322 1.03373336791992 0.06446287035942 10 3 0 0 3 1 3.50000000000000
129 120.77795786594653 31.59258267331497 0.99973636865616 0.06464546918869 10 3 0 0 3 1 3.50000000000000
130 120.77796166530516 31.59258670933073 0.96177536249161 0.06583532691002 10 3 0 0 3 1 3.50000000000000
131 120.77796562254625 31.59259063101090 0.92570036649704 0.06289481371641 10 3 0 0 3 1 3.50000000000000
132 120.77796941113293 31.59259415553010 0.89361441135406 0.06200205907226 10 3 0 0 3 1 3.50000000000000
133 120.77797362161644 31.59259785133088 0.85973936319351 0.05902506783605 10 3 0 0 3 1 3.50000000000000
134 120.77797794497721 31.59260144572148 0.82719939947128 0.05628077313304 10 3 0 0 3 1 3.50000000000000
135 120.77798237162447 31.59260493133037 0.79766440391541 0.05366011336446 10 3 0 0 3 1 3.50000000000000
136 120.77798656895357 31.59260809609000 0.77086639404297 0.05150409415364 10 3 0 0 3 1 3.50000000000000
137 120.77799116092839 31.59261138381761 0.74358737468719 0.04993175715208 10 3 0 0 3 1 3.50000000000000
138 120.77799582303592 31.59261455355506 0.71701741218567 0.04682632163167 10 3 0 0 3 1 3.50000000000000
139 120.77800014907616 31.59261739723272 0.69366741180420 0.04607149958611 10 3 0 0 3 1 3.50000000000000
140 120.77800483958698 31.59262036647328 0.67017340660095 0.04295206815004 10 3 0 0 3 1 3.50000000000000
141 120.77800954879467 31.59262321276791 0.64837139844894 0.04181199520826 10 3 0 0 3 1 3.50000000000000
142 120.77801456953917 31.59262616580093 0.62766140699387 0.03533635288477 10 3 0 0 3 1 3.50000000000000
143 120.77801921697886 31.59262882648615 0.61061936616898 0.02681845985353 10 3 0 0 3 1 3.50000000000000
144 120.77802382811342 31.59263148851844 0.59879940748215 0.02179707773030 10 3 0 0 3 1 3.50000000000000
145 120.77802871425911 31.59263428789927 0.58760541677475 0.01973646134138 10 3 0 0 3 1 3.50000000000000
146 120.77803324711709 31.59263682407010 0.57719635963440 0.02116752788424 10 3 0 0 3 1 3.50000000000000
147 120.77803776701951 31.59263927479103 0.56752938032150 0.01971990987659 10 3 0 0 3 1 3.50000000000000
148 120.77796114930985 31.59269401790652 -2.67029595375061 0.06784155964851 10 3 0 0 3 1 3.50000000000000
149 120.77795639566081 31.59269190763444 -2.66813802719116 -0.00651444215328 10 3 0 0 3 1 3.50000000000000
150 120.77795150858465 31.59268961560678 -2.66588687896729 -0.00325527274981 10 3 0 0 3 1 3.50000000000000
151 120.77794655213108 31.59268727446093 -2.66374683380127 -0.00083627848653 10 3 0 0 3 1 3.50000000000000
152 120.77794172466167 31.59268497199387 -2.66235780715942 -0.00423117680475 10 3 0 0 3 1 3.50000000000000
153 120.77793706933008 31.59268273406932 -2.66037583351135 -0.00334888161160 10 3 0 0 3 1 3.50000000000000
154 120.77793201660306 31.59268028687594 -2.65885686874390 -0.00356656825170 10 3 0 0 3 1 3.50000000000000
155 120.77792693048613 31.59267778823942 -2.65697193145752 -0.00177719804924 10 3 0 0 3 1 3.50000000000000
156 120.77792188677249 31.59267531161960 -2.65599894523621 -0.00110655860044 10 3 0 0 3 1 3.50000000000000
157 120.77791697654038 31.59267291361520 -2.65630388259888 0.00090142106637 10 3 0 0 3 1 3.50000000000000
158 120.77791227107433 31.59267062249749 -2.65758991241455 0.00434339977801 10 3 0 0 3 1 3.50000000000000
159 120.77790745002049 31.59266831264984 -2.66034483909607 0.00960007868707 10 3 0 0 3 1 3.50000000000000
160 120.77790213085012 31.59266588273056 -2.66711282730103 0.01456635817885 10 3 0 0 3 1 3.50000000000000
161 120.77789701546318 31.59266370312087 -2.67694497108459 0.02299943566322 10 3 0 0 3 1 3.50000000000000
162 120.77789179167002 31.59266159437005 -2.69091582298279 0.02940068766475 10 3 0 0 3 1 3.50000000000000
163 120.77788647699803 31.59265953753280 -2.70802283287048 0.03544142842293 10 3 0 0 3 1 3.50000000000000
164 120.77788142305675 31.59265775084380 -2.72656989097595 0.03890297561884 10 3 0 0 3 1 3.50000000000000
165 120.77787589082416 31.59265594638350 -2.74960780143738 0.04495168104768 10 3 0 0 3 1 3.50000000000000
166 120.77787023940391 31.59265428980085 -2.77377891540527 0.04380346834660 10 3 0 0 3 1 3.50000000000000
167 120.77786491996407 31.59265285800745 -2.79788494110107 0.04836520180106 10 3 0 0 3 1 3.50000000000000
168 120.77785904916405 31.59265149640387 -2.82674193382263 0.05204205214977 10 3 0 0 3 1 3.50000000000000
169 120.77785309152608 31.59265032810743 -2.85880780220032 0.05829297006130 10 3 0 0 3 1 3.50000000000000
170 120.77784790168535 31.59264948965503 -2.88771796226501 0.05726745352149 10 3 0 0 3 1 3.50000000000000
171 120.77784220464304 31.59264874400175 -2.92070984840393 0.06395594775677 10 3 0 0 3 1 3.50000000000000
172 120.77783688275080 31.59264819481703 -2.95236992835999 0.06147369369864 10 3 0 0 3 1 3.50000000000000
173 120.77783149883362 31.59264780108540 -2.98380899429321 0.06195744872093 10 3 0 0 3 1 3.50000000000000
174 120.77782605584338 31.59264757523540 -3.01686382293701 0.06565054506063 10 3 0 0 3 1 3.50000000000000
175 120.77782012681433 31.59264747478730 -3.05271482467651 0.06418452411890 10 3 0 0 3 1 3.50000000000000
176 120.77781460601827 31.59264757817818 -3.08684086799622 0.06726737320423 10 3 0 0 3 1 3.50000000000000
177 120.77780907284891 31.59264786481170 -3.12180495262146 0.06799259781837 10 3 0 0 3 1 3.50000000000000
178 120.77780306860336 31.59264839385331 3.12175846099854 0.07182234525681 10 3 0 0 3 1 3.50000000000000
179 120.77779753554881 31.59264907396198 3.08370733261108 0.07127388566732 10 3 0 0 3 1 3.50000000000000
180 120.77779202595883 31.59264993390760 3.04607748985291 0.07049996405840 10 3 0 0 3 1 3.50000000000000
181 120.77778655174049 31.59265100329673 3.00803828239441 0.07324562221766 10 3 0 0 3 1 3.50000000000000
182 120.77778065724577 31.59265237019432 2.96654033660889 0.07160779833794 10 3 0 0 3 1 3.50000000000000
183 120.77777526381801 31.59265380022135 2.92870235443115 0.07195118069649 10 3 0 0 3 1 3.50000000000000
184 120.77776992250885 31.59265539609191 2.89016842842102 0.07171380519867 10 3 0 0 3 1 3.50000000000000
185 120.77776465421915 31.59265716069540 2.85211443901062 0.07029533386230 10 3 0 0 3 1 3.50000000000000
186 120.77775907148963 31.59265925864690 2.81088137626648 0.07447272539139 10 3 0 0 3 1 3.50000000000000
187 120.77775405024221 31.59266140498251 2.77087450027466 0.07970290631056 10 3 0 0 3 1 3.50000000000000
188 120.77774915220039 31.59266369661853 2.73113226890564 0.07585843652487 10 3 0 0 3 1 3.50000000000000
189 120.77774402476331 31.59266635929235 2.68834328651428 0.07664007693529 10 3 0 0 3 1 3.50000000000000
190 120.77773948087358 31.59266896758382 2.64766550064087 0.07960897684097 10 3 0 0 3 1 3.50000000000000
191 120.77773511875380 31.59267171945156 2.60711050033569 0.07985491305590 10 3 0 0 3 1 3.50000000000000
192 120.77773092806704 31.59267458933629 2.56728935241699 0.07998517900705 10 3 0 0 3 1 3.50000000000000
193 120.77772658340807 31.59267783681998 2.52466630935669 0.07993961870670 10 3 0 0 3 1 3.50000000000000
194 120.77772274754622 31.59268093996572 2.48559045791626 0.07707837969065 10 3 0 0 3 1 3.50000000000000
195 120.77771846431069 31.59268467544644 2.44063448905945 0.08021530508995 10 3 0 0 3 1 3.50000000000000
196 120.77771471396862 31.59268824915014 2.39996933937073 0.07809454202652 10 3 0 0 3 1 3.50000000000000
197 120.77771088141786 31.59269220625622 2.35673642158508 0.07658706605434 10 3 0 0 3 1 3.50000000000000
198 120.77770724424425 31.59269624003269 2.31528735160828 0.07281897217035 10 3 0 0 3 1 3.50000000000000
199 120.77770379088879 31.59270033291609 2.27784347534180 0.06346708536148 10 3 0 0 3 1 3.50000000000000
200 120.77770065865184 31.59270414984655 2.24682140350342 0.05930433422327 10 3 0 0 3 1 3.50000000000000
201 120.77769740622306 31.59270827447642 2.21667647361755 0.05321661382914 10 3 0 0 3 1 3.50000000000000
202 120.77769422657975 31.59271246411091 2.19040536880493 0.04640683159232 10 3 0 0 3 1 3.50000000000000
203 120.77769133112623 31.59271639368220 2.16873741149902 0.04006059095263 10 3 0 0 3 1 3.50000000000000
204 120.77768820890120 31.59272065448656 2.14904546737671 0.03220248967409 10 3 0 0 3 1 3.50000000000000
205 120.77768504981978 31.59272493957868 2.13581943511963 0.01876293495297 10 3 0 0 3 1 3.50000000000000
206 120.77768205741307 31.59272891195138 2.12882733345032 0.01147104427218 10 3 0 0 3 1 3.50000000000000
207 120.77767876876312 31.59273320935768 2.12428140640259 0.00574493734166 10 3 0 0 3 1 3.50000000000000
208 120.77767543903560 31.59273749928085 2.12333250045776 0.00024765625130 10 3 0 0 3 1 3.50000000000000
209 120.77767228915384 31.59274150698329 2.12382936477661 -0.00198608846404 10 3 0 0 3 1 3.50000000000000
210 120.77766889243605 31.59274582860063 2.12433838844299 -0.00165758689400 10 3 0 0 3 1 3.50000000000000
211 120.77766546742022 31.59275018321533 2.12630939483643 -0.00321787153371 10 3 0 0 3 1 3.50000000000000
212 120.77766176652190 31.59275482326095 2.12997245788574 -0.00867369677871 10 3 0 0 3 1 3.50000000000000
213 120.77765827368249 31.59275908960254 2.13568544387817 -0.00922958366573 10 3 0 0 3 1 3.50000000000000
214 120.77765478791889 31.59276328999888 2.14181828498840 -0.01059395354241 10 3 0 0 3 1 3.50000000000000
215 120.77765131609897 31.59276747409973 2.14761137962341 -0.01121865026653 10 3 0 0 3 1 3.50000000000000
216 120.77764811238339 31.59277133321542 2.15226340293884 -0.00867678225040 10 3 0 0 3 1 3.50000000000000
217 120.77764467155782 31.59277544363793 2.15775942802429 -0.00833352375776 10 3 0 0 3 1 3.50000000000000
218 120.77764125901081 31.59277950778269 2.16242742538452 -0.00602699397132 10 3 0 0 3 1 3.50000000000000
219 120.77763812125013 31.59278324008851 2.16623640060425 -0.00654173083603 10 3 0 0 3 1 3.50000000000000
220 120.77763476116222 31.59278722687702 2.16999650001526 -0.00589729892090 10 3 0 0 3 1 3.50000000000000
221 120.77763140770779 31.59279115977046 2.17286038398743 -0.00629325117916 10 3 0 0 3 1 3.50000000000000
222 120.77762785042317 31.59279533619457 2.17643427848816 -0.00754613336176 10 3 0 0 3 1 3.50000000000000
223 120.77762458013387 31.59279918214328 2.17948341369629 -0.00830425042659 10 3 0 0 3 1 3.50000000000000
224 120.77762132842780 31.59280296892411 2.18240547180176 -0.00514334626496 10 3 0 0 3 1 3.50000000000000
225 120.77761786652175 31.59280697993338 2.18508648872375 -0.00504183536395 10 3 0 0 3 1 3.50000000000000
226 120.77761467267760 31.59281066458776 2.18749642372131 -0.00534347957000 10 3 0 0 3 1 3.50000000000000
227 120.77761151229137 31.59281431424914 2.18996930122375 -0.00592603208497 10 3 0 0 3 1 3.50000000000000
228 120.77760816486561 31.59281814345566 2.19211030006409 -0.00433933036402 10 3 0 0 3 1 3.50000000000000
229 120.77760468615973 31.59282213009253 2.19440531730652 -0.00182709109504 10 3 0 0 3 1 3.50000000000000
230 120.77746643457061 31.59271436258517 -0.99671661853790 -0.00247376901098 10 3 0 0 3 1 3.50000000000000
231 120.77746952557703 31.59271065873607 -0.99595659971237 -0.00639047194272 10 3 0 0 3 1 3.50000000000000
232 120.77747268088052 31.59270690301659 -0.99378859996796 -0.00561689166352 10 3 0 0 3 1 3.50000000000000
233 120.77747589271240 31.59270313301143 -0.99012458324432 -0.00894670374691 10 3 0 0 3 1 3.50000000000000
234 120.77747910406167 31.59269938506768 -0.98608362674713 -0.00852959137410 10 3 0 0 3 1 3.50000000000000
235 120.77748236129162 31.59269562277653 -0.98219960927963 -0.00762056605890 10 3 0 0 3 1 3.50000000000000
236 120.77748585602592 31.59269158506384 -0.97853863239288 -0.00537878461182 10 3 0 0 3 1 3.50000000000000
237 120.77748910047397 31.59268782870454 -0.97554159164429 -0.00575482426211 10 3 0 0 3 1 3.50000000000000
238 120.77749236505412 31.59268405095171 -0.97204560041428 -0.00643831677735 10 3 0 0 3 1 3.50000000000000
239 120.77749580445727 31.59268012088439 -0.96887463331223 -0.00338792195544 10 3 0 0 3 1 3.50000000000000
240 120.77749911765669 31.59267631030561 -0.96631860733032 -0.00386139936745 10 3 0 0 3 1 3.50000000000000
241 120.77750230514771 31.59267268198451 -0.96437460184097 -0.00279024871998 10 3 0 0 3 1 3.50000000000000
242 120.77750555487975 31.59266899406711 -0.96298164129257 -0.00043824731256 10 3 0 0 3 1 3.50000000000000
243 120.77750907813312 31.59266495926013 -0.96328961849213 0.00161560636479 10 3 0 0 3 1 3.50000000000000
244 120.77751240088534 31.59266115055268 -0.96381163597107 0.00343574327417 10 3 0 0 3 1 3.50000000000000
245 120.77751573115052 31.59265729343179 -0.96523362398148 0.00157873192802 10 3 0 0 3 1 3.50000000000000
246 120.77751902756387 31.59265339528451 -0.96817058324814 0.00846722163260 10 3 0 0 3 1 3.50000000000000
247 120.77752251733010 31.59264917246547 -0.97411859035492 0.01067560911179 10 3 0 0 3 1 3.50000000000000
248 120.77752568379195 31.59264518016963 -0.98187762498856 0.01775709167123 10 3 0 0 3 1 3.50000000000000
249 120.77752874740140 31.59264112967819 -0.99306160211563 0.02296562120318 10 3 0 0 3 1 3.50000000000000
250 120.77753192415464 31.59263671478915 -1.00805258750916 0.03075902163982 10 3 0 0 3 1 3.50000000000000
251 120.77753477924556 31.59263254099498 -1.02571463584900 0.03580409288406 10 3 0 0 3 1 3.50000000000000
252 120.77753748419168 31.59262830587184 -1.04618465900421 0.04033520817757 10 3 0 0 3 1 3.50000000000000
253 120.77754012377238 31.59262365796987 -1.07256865501404 0.04942216351628 10 3 0 0 3 1 3.50000000000000
254 120.77754230723973 31.59261923139884 -1.10197365283966 0.05926800891757 10 3 0 0 3 1 3.50000000000000
255 120.77754424409814 31.59261474603734 -1.13435459136963 0.06275207549334 10 3 0 0 3 1 3.50000000000000
256 120.77754610569835 31.59260987390438 -1.17107856273651 0.06710176169872 10 3 0 0 3 1 3.50000000000000
257 120.77754764595707 31.59260528427210 -1.20615363121033 0.06783611327410 10 3 0 0 3 1 3.50000000000000
258 120.77754897236461 31.59260066162214 -1.24180161952972 0.06767906248569 10 3 0 0 3 1 3.50000000000000
259 120.77755018173788 31.59259569646977 -1.27999055385590 0.06809642910957 10 3 0 0 3 1 3.50000000000000
260 120.77755111264017 31.59259102394224 -1.31576859951019 0.06791380792856 10 3 0 0 3 1 3.50000000000000
261 120.77755185605109 31.59258630596518 -1.35141360759735 0.06758537888527 10 3 0 0 3 1 3.50000000000000
262 120.77755239680755 31.59258154272192 -1.38729166984558 0.06820883601904 10 3 0 0 3 1 3.50000000000000
263 120.77755277015252 31.59257641327865 -1.42617559432983 0.06707327067852 10 3 0 0 3 1 3.50000000000000
264 120.77755291825071 31.59257159041173 -1.46236562728882 0.06947859376669 10 3 0 0 3 1 3.50000000000000
265 120.77755286498233 31.59256673984695 -1.49871158599854 0.06902465969324 10 3 0 0 3 1 3.50000000000000
266 120.77755262347495 31.59256221442379 -1.53308463096619 0.06717333942652 10 3 0 0 3 1 3.50000000000000
267 120.77755220634967 31.59255734812204 -1.56967556476593 0.06757903844118 10 3 0 0 3 1 3.50000000000000
268 120.77755155844982 31.59255249185947 -1.60660886764526 0.06941051036119 10 3 0 0 3 1 3.50000000000000
269 120.77755064689694 31.59254734990420 -1.64546287059784 0.06737652420998 10 3 0 0 3 1 3.50000000000000
270 120.77754958740276 31.59254259536839 -1.68220496177673 0.06977175176144 10 3 0 0 3 1 3.50000000000000
271 120.77754832256271 31.59253789294806 -1.71895790100098 0.06866329163313 10 3 0 0 3 1 3.50000000000000
272 120.77754674952088 31.59253291104749 -1.75831794738770 0.06745978444815 10 3 0 0 3 1 3.50000000000000
273 120.77754507211218 31.59252832056198 -1.79440295696259 0.07030428200960 10 3 0 0 3 1 3.50000000000000
274 120.77754321027031 31.59252380154437 -1.83149790763855 0.06692267954350 10 3 0 0 3 1 3.50000000000000
275 120.77754101670830 31.59251903707200 -1.86941397190094 0.06744496524334 10 3 0 0 3 1 3.50000000000000
276 120.77753877932432 31.59251467660501 -1.90600991249084 0.06886932998896 10 3 0 0 3 1 3.50000000000000
277 120.77753636462739 31.59251039491554 -1.94174087047577 0.06617689132690 10 3 0 0 3 1 3.50000000000000
278 120.77753360009412 31.59250589514996 -1.97910392284393 0.06559985876083 10 3 0 0 3 1 3.50000000000000
279 120.77753086575227 31.59250177966913 -2.01330280303955 0.06140505522490 10 3 0 0 3 1 3.50000000000000
280 120.77752798816600 31.59249774329520 -2.04722189903259 0.06509381532669 10 3 0 0 3 1 3.50000000000000
281 120.77752494210931 31.59249380796194 -2.08054184913635 0.06370565295219 10 3 0 0 3 1 3.50000000000000
282 120.77752152104301 31.59248969423761 -2.11629390716553 0.06658045202494 10 3 0 0 3 1 3.50000000000000
283 120.77751817882603 31.59248594187043 -2.14983296394348 0.06416225433350 10 3 0 0 3 1 3.50000000000000
284 120.77751469353889 31.59248230169088 -2.18268394470215 0.06125369295478 10 3 0 0 3 1 3.50000000000000
285 120.77751080086443 31.59247850909748 -2.21735191345215 0.06256363540888 10 3 0 0 3 1 3.50000000000000
286 120.77750702870327 31.59247507851636 -2.25007796287537 0.06419651210308 10 3 0 0 3 1 3.50000000000000
287 120.77750314583632 31.59247172696558 -2.28210902214050 0.05654671415687 10 3 0 0 3 1 3.50000000000000
288 120.77749890840641 31.59246819936710 -2.31252884864807 0.05449476838112 10 3 0 0 3 1 3.50000000000000
289 120.77749484922013 31.59246499109778 -2.34007883071899 0.05226670205593 10 3 0 0 3 1 3.50000000000000
290 120.77749070002550 31.59246188482104 -2.36652803421021 0.05076286941767 10 3 0 0 3 1 3.50000000000000
291 120.77748613745094 31.59245865282334 -2.39498686790466 0.04951567202806 10 3 0 0 3 1 3.50000000000000
292 120.77748179638816 31.59245571801215 -2.42123603820801 0.05094736069441 10 3 0 0 3 1 3.50000000000000
293 120.77747737525071 31.59245285418992 -2.44647693634033 0.04680697992444 10 3 0 0 3 1 3.50000000000000
294 120.77747259185649 31.59244988868024 -2.47130584716797 0.04455307126045 10 3 0 0 3 1 3.50000000000000
295 120.77746810007797 31.59244723043372 -2.49456882476807 0.04505865275860 10 3 0 0 3 1 3.50000000000000
296 120.77746353669336 31.59244464854630 -2.51724982261658 0.04320931062102 10 3 0 0 3 1 3.50000000000000
297 120.77745861555654 31.59244200789624 -2.54077196121216 0.04122962430120 10 3 0 0 3 1 3.50000000000000
298 120.77745400983821 31.59243960491871 -2.56094002723694 0.03723770007491 10 3 0 0 3 1 3.50000000000000
299 120.77744940965917 31.59243726907069 -2.57883596420288 0.03179488331079 10 3 0 0 3 1 3.50000000000000
300 120.77744448795634 31.59243477540236 -2.59385681152344 0.02304100245237 10 3 0 0 3 1 3.50000000000000
301 120.77743994794366 31.59243243785977 -2.60305285453796 0.01482134219259 10 3 0 0 3 1 3.50000000000000
302 120.77743544213547 31.59243009784550 -2.60957002639771 0.01008302439004 10 3 0 0 3 1 3.50000000000000
303 120.77743069012729 31.59242761190506 -2.61430501937866 0.01062588207424 10 3 0 0 3 1 3.50000000000000
304 120.77750454764727 31.59237253380477 0.50468736886978 -0.09327114373446 10 3 0 0 3 1 3.50000000000000
305 120.77750924154626 31.59237477426369 0.50463837385178 -0.00009813188080 10 3 0 0 3 1 3.50000000000000
306 120.77751380524410 31.59237704009048 0.50455641746521 0.00050658913096 10 3 0 0 3 1 3.50000000000000
307 120.77751844510007 31.59237937730652 0.50448936223984 0.00061266386183 10 3 0 0 3 1 3.50000000000000
308 120.77752320508860 31.59238177066675 0.50482439994812 0.00135628727730 10 3 0 0 3 1 3.50000000000000
309 120.77752777069287 31.59238408250207 0.50503838062286 0.00241423957050 10 3 0 0 3 1 3.50000000000000
310 120.77753244567558 31.59238646625306 0.50572037696838 -0.00213083927520 10 3 0 0 3 1 3.50000000000000
311 120.77753709156393 31.59238890133011 0.50836038589478 -0.00593683170155 10 3 0 0 3 1 3.50000000000000
312 120.77754191887830 31.59239151623028 0.51234138011932 -0.00665702857077 10 3 0 0 3 1 3.50000000000000
313 120.77754665004494 31.59239410356761 0.51738637685776 -0.01116837561131 10 3 0 0 3 1 3.50000000000000
314 120.77755121301965 31.59239666116916 0.52433639764786 -0.01419995073229 10 3 0 0 3 1 3.50000000000000
315 120.77755590120644 31.59239931398263 0.53257441520691 -0.01641802303493 10 3 0 0 3 1 3.50000000000000
316 120.77756031283100 31.59240190410118 0.54172039031982 -0.01910149119794 10 3 0 0 3 1 3.50000000000000
317 120.77756511784567 31.59240483483622 0.55283337831497 -0.02042299322784 10 3 0 0 3 1 3.50000000000000
318 120.77756996843146 31.59240788803420 0.56446039676666 -0.02072129584849 10 3 0 0 3 1 3.50000000000000
319 120.77757524886937 31.59241127276901 0.57658636569977 -0.01904631406069 10 3 0 0 3 1 3.50000000000000
320 120.77757952088287 31.59241408504375 0.58698236942291 -0.02029887959361 10 3 0 0 3 1 3.50000000000000
321 120.77758382623011 31.59241696574646 0.59754937887192 -0.02058474905789 10 3 0 0 3 1 3.50000000000000
322 120.77758815262743 31.59241992678257 0.60839736461639 -0.02144575677812 10 3 0 0 3 1 3.50000000000000
323 120.77759287013969 31.59242323263160 0.62144738435745 -0.02361647039652 10 3 0 0 3 1 3.50000000000000
324 120.77759721032794 31.59242638960947 0.63437139987946 -0.02256240509450 10 3 0 0 3 1 3.50000000000000
325 120.77760156040921 31.59242964872102 0.64760440587997 -0.02677408605814 10 3 0 0 3 1 3.50000000000000
326 120.77760627122977 31.59243328879901 0.66337639093399 -0.02729045785964 10 3 0 0 3 1 3.50000000000000
327 120.77761060461985 31.59243675331234 0.67832136154175 -0.02686874009669 10 3 0 0 3 1 3.50000000000000
328 120.77761489974183 31.59244034241268 0.69444936513901 -0.03073225542903 10 3 0 0 3 1 3.50000000000000
329 120.77761914067908 31.59244406148431 0.71273440122604 -0.03204536437988 10 3 0 0 3 1 3.50000000000000
330 120.77762300371275 31.59244755187407 0.72930938005447 -0.03192569315434 10 3 0 0 3 1 3.50000000000000
331 120.77762717694462 31.59245145708976 0.74805438518524 -0.03350684791803 10 3 0 0 3 1 3.50000000000000
332 120.77763126130242 31.59245548260902 0.76823335886002 -0.03472191095352 10 3 0 0 3 1 3.50000000000000
333 120.77763559251269 31.59245996620673 0.78992336988449 -0.03405972570181 10 3 0 0 3 1 3.50000000000000
334 120.77763888150557 31.59246350870245 0.80753439664841 -0.03655746206641 10 3 0 0 3 1 3.50000000000000
335 120.77764210551810 31.59246713013250 0.82596737146378 -0.03621238842607 10 3 0 0 3 1 3.50000000000000
336 120.77764526951506 31.59247081329211 0.84381538629532 -0.03482361882925 10 3 0 0 3 1 3.50000000000000
337 120.77764836937953 31.59247455399369 0.86169737577438 -0.03671687468886 10 3 0 0 3 1 3.50000000000000
338 120.77765168106846 31.59247874869685 0.88220638036728 -0.03762225434184 10 3 0 0 3 1 3.50000000000000
339 120.77765461511274 31.59248261597891 0.90071737766266 -0.03739178553224 10 3 0 0 3 1 3.50000000000000
340 120.77765744404095 31.59248654669898 0.92005938291550 -0.03822860121727 10 3 0 0 3 1 3.50000000000000
341 120.77766019317500 31.59249053758803 0.93968039751053 -0.03889798745513 10 3 0 0 3 1 3.50000000000000
342 120.77766312261784 31.59249498767684 0.96147340536118 -0.03997395932674 10 3 0 0 3 1 3.50000000000000
343 120.77766569465197 31.59249909301768 0.98105835914612 -0.03836406394839 10 3 0 0 3 1 3.50000000000000
344 120.77766818507344 31.59250325397542 1.00054836273193 -0.03841669857502 10 3 0 0 3 1 3.50000000000000
345 120.77767058757904 31.59250746019496 1.02048039436340 -0.03840085119009 10 3 0 0 3 1 3.50000000000000
346 120.77767311736824 31.59251214689823 1.04218542575836 -0.03848160430789 10 3 0 0 3 1 3.50000000000000
347 120.77767531474611 31.59251645388100 1.06214237213135 -0.03964035585523 10 3 0 0 3 1 3.50000000000000
348 120.77767741549522 31.59252081912610 1.08248341083527 -0.03966931998730 10 3 0 0 3 1 3.50000000000000
349 120.77767942690645 31.59252522336842 1.10307133197784 -0.03891282528639 10 3 0 0 3 1 3.50000000000000
350 120.77768133715912 31.59252965721807 1.12327933311462 -0.03811958059669 10 3 0 0 3 1 3.50000000000000
351 120.77768329914274 31.59253459344454 1.14599037170410 -0.04068503528833 10 3 0 0 3 1 3.50000000000000
352 120.77768497965195 31.59253909924913 1.16664433479309 -0.03790642693639 10 3 0 0 3 1 3.50000000000000
353 120.77768654713137 31.59254364810332 1.18723642826080 -0.03942106664181 10 3 0 0 3 1 3.50000000000000
354 120.77768800069683 31.59254823565336 1.20819139480591 -0.04120364040136 10 3 0 0 3 1 3.50000000000000
355 120.77768945758876 31.59255331282710 1.23122036457062 -0.03993897885084 10 3 0 0 3 1 3.50000000000000
356 120.77769066301822 31.59255796395853 1.25239038467407 -0.04051996022463 10 3 0 0 3 1 3.50000000000000
357 120.77769177477353 31.59256262762722 1.27336335182190 -0.03911242634058 10 3 0 0 3 1 3.50000000000000
358 120.77769275793514 31.59256732599690 1.29422140121460 -0.04043665155768 10 3 0 0 3 1 3.50000000000000
359 120.77769371463070 31.59257251401507 1.31700837612152 -0.03876496106386 10 3 0 0 3 1 3.50000000000000
360 120.77769446483678 31.59257726635663 1.33786237239838 -0.04026044532657 10 3 0 0 3 1 3.50000000000000
361 120.77769510937951 31.59258203318033 1.35934042930603 -0.03978053107858 10 3 0 0 3 1 3.50000000000000
362 120.77769564484238 31.59258680583157 1.37987542152405 -0.03894888609648 10 3 0 0 3 1 3.50000000000000
363 120.77769606998710 31.59259209304256 1.40322637557983 -0.04023102670908 10 3 0 0 3 1 3.50000000000000
364 120.77769634933540 31.59259689435776 1.42459237575531 -0.03843358159065 10 3 0 0 3 1 3.50000000000000
365 120.77769652964868 31.59260171326260 1.44489634037018 -0.03743094205856 10 3 0 0 3 1 3.50000000000000
366 120.77769660559076 31.59260653585030 1.46519041061401 -0.03877433761954 10 3 0 0 3 1 3.50000000000000
367 120.77769656373508 31.59261135158271 1.48527443408966 -0.03651059418917 10 3 0 0 3 1 3.50000000000000
368 120.77769637981258 31.59261667170207 1.50667941570282 -0.03702992945910 10 3 0 0 3 1 3.50000000000000
369 120.77769611063151 31.59262149539093 1.52662742137909 -0.03644095733762 10 3 0 0 3 1 3.50000000000000
370 120.77769573383848 31.59262633607460 1.54596734046936 -0.03529743850231 10 3 0 0 3 1 3.50000000000000
371 120.77769527533171 31.59263117966565 1.56426036357880 -0.03442595154047 10 3 0 0 3 1 3.50000000000000
372 120.77769466790097 31.59263650007426 1.58444833755493 -0.03331888094544 10 3 0 0 3 1 3.50000000000000
373 120.77769400755503 31.59264134917147 1.60242235660553 -0.03188573941588 10 3 0 0 3 1 3.50000000000000
374 120.77769326283050 31.59264619144136 1.61919641494751 -0.03019250370562 10 3 0 0 3 1 3.50000000000000
375 120.77769244623812 31.59265104616392 1.63552534580231 -0.02985593490303 10 3 0 0 3 1 3.50000000000000
376 120.77769147983634 31.59265638605716 1.65260434150696 -0.02791045047343 10 3 0 0 3 1 3.50000000000000
377 120.77769054107353 31.59266125353522 1.66583442687988 -0.02214463986456 10 3 0 0 3 1 3.50000000000000
378 120.77768954538121 31.59266612746829 1.67848443984985 -0.02340269088745 10 3 0 0 3 1 3.50000000000000
379 120.77768847179549 31.59267098920620 1.69193935394287 -0.02417511306703 10 3 0 0 3 1 3.50000000000000
380 120.77768721423156 31.59267634537481 1.70577633380890 -0.02157678268850 10 3 0 0 3 1 3.50000000000000
381 120.77768601188536 31.59268117128493 1.71841537952423 -0.02414654567838 10 3 0 0 3 1 3.50000000000000
382 120.77768471852021 31.59268598547148 1.73146235942841 -0.02304752357304 10 3 0 0 3 1 3.50000000000000
383 120.77768335989612 31.59269077678855 1.74379634857178 -0.02170365303755 10 3 0 0 3 1 3.50000000000000
384 120.77768193814543 31.59269552931453 1.75633943080902 -0.02349913679063 10 3 0 0 3 1 3.50000000000000
385 120.77768027986751 31.59270073778621 1.77072536945343 -0.02253623120487 10 3 0 0 3 1 3.50000000000000
386 120.77767872249967 31.59270543160353 1.78288936614990 -0.02326122298837 10 3 0 0 3 1 3.50000000000000
387 120.77767707856236 31.59271011133556 1.79589843750000 -0.02488595806062 10 3 0 0 3 1 3.50000000000000
388 120.77767534411622 31.59271475369588 1.80983233451843 -0.02598560228944 10 3 0 0 3 1 3.50000000000000
389 120.77767352952191 31.59271935291441 1.82396340370178 -0.02657041698694 10 3 0 0 3 1 3.50000000000000
390 120.77767143357113 31.59272438719832 1.84056937694550 -0.02847016789019 10 3 0 0 3 1 3.50000000000000
391 120.77766944427665 31.59272892048005 1.85579133033752 -0.02783088386059 10 3 0 0 3 1 3.50000000000000
392 120.77766735594925 31.59273341986341 1.87101137638092 -0.02902606129646 10 3 0 0 3 1 3.50000000000000
393 120.77766519759192 31.59273788297713 1.88614034652710 -0.02849107794464 10 3 0 0 3 1 3.50000000000000
394 120.77766272181883 31.59274273977928 1.90383839607239 -0.03044205345213 10 3 0 0 3 1 3.50000000000000
395 120.77766042354624 31.59274713057435 1.91912639141083 -0.02597622759640 10 3 0 0 3 1 3.50000000000000
396 120.77765804238123 31.59275147184066 1.93403434753418 -0.02932238951325 10 3 0 0 3 1 3.50000000000000
397 120.77765555878793 31.59275577151801 1.94964635372162 -0.02793883904815 10 3 0 0 3 1 3.50000000000000
398 120.77765275535859 31.59276044496594 1.96662437915802 -0.02947722934186 10 3 0 0 3 1 3.50000000000000
399 120.77765013798145 31.59276465352866 1.98263239860535 -0.03051102347672 10 3 0 0 3 1 3.50000000000000
400 120.77764743602538 31.59276882314599 1.99884438514709 -0.02978537604213 10 3 0 0 3 1 3.50000000000000
401 120.77764466108749 31.59277293831040 2.01404047012329 -0.02869272604585 10 3 0 0 3 1 3.50000000000000
402 120.77764153317970 31.59277741624294 2.03093528747559 -0.02944364771247 10 3 0 0 3 1 3.50000000000000
403 120.77763864963119 31.59278141956403 2.04632639884949 -0.02809727936983 10 3 0 0 3 1 3.50000000000000
404 120.77763570328452 31.59278537890435 2.06041240692139 -0.02564574778080 10 3 0 0 3 1 3.50000000000000
405 120.77763268557202 31.59278929166365 2.07472634315491 -0.02951569110155 10 3 0 0 3 1 3.50000000000000
406 120.77762962943082 31.59279315891531 2.08823442459106 -0.02375442907214 10 3 0 0 3 1 3.50000000000000
407 120.77762625147081 31.59279738490112 2.10125446319580 -0.02008895389736 10 3 0 0 3 1 3.50000000000000
408 120.77762318951574 31.59280118012115 2.11133337020874 -0.01911466754973 10 3 0 0 3 1 3.50000000000000
409 120.77762012958006 31.59280492696935 2.12054443359375 -0.01655304990709 10 3 0 0 3 1 3.50000000000000
410 120.77761707561885 31.59280860810233 2.12940144538879 -0.01773630641401 10 3 0 0 3 1 3.50000000000000
411 120.77761371011371 31.59281259563181 2.13911628723145 -0.01812658831477 10 3 0 0 3 1 3.50000000000000
412 120.77761003547496 31.59281684752757 2.14977550506592 -0.01794966496527 10 3 0 0 3 1 3.50000000000000
413 120.77760637668919 31.59282104563506 2.15907335281372 -0.01432219613343 10 3 0 0 3 1 3.50000000000000
414 120.77760277059491 31.59282515086042 2.16709947586060 -0.01191479898989 10 3 0 0 3 1 3.50000000000000
415 120.77759951706796 31.59282882629812 2.17259645462036 -0.00900913588703 10 3 0 0 3 1 3.50000000000000
416 120.77745850491250 31.59272107050416 -0.99406760931015 -0.00193479098380 10 3 0 0 3 1 3.50000000000000
417 120.77746161124860 31.59271736231049 -0.99297863245010 -0.00300059490837 10 3 0 0 3 1 3.50000000000000
418 120.77746486306469 31.59271351799942 -0.99144059419632 -0.00349124870263 10 3 0 0 3 1 3.50000000000000
419 120.77746825457102 31.59270951426235 -0.99007558822632 -0.00405635870993 10 3 0 0 3 1 3.50000000000000
420 120.77747145620053 31.59270575755589 -0.98866462707520 -0.00324822869152 10 3 0 0 3 1 3.50000000000000
421 120.77747488927903 31.59270174866530 -0.98686063289642 -0.00290927849710 10 3 0 0 3 1 3.50000000000000
422 120.77747824859516 31.59269783527566 -0.98506563901901 -0.00437355879694 10 3 0 0 3 1 3.50000000000000
423 120.77748177684487 31.59269376523497 -0.98269063234329 -0.00297250342555 10 3 0 0 3 1 3.50000000000000
424 120.77748530897742 31.59268975224666 -0.98024660348892 -0.00549752963707 10 3 0 0 3 1 3.50000000000000
425 120.77748878464251 31.59268577751561 -0.97776859998703 -0.00572625128552 10 3 0 0 3 1 3.50000000000000
426 120.77749224901558 31.59268187414007 -0.97397059202194 -0.00577363930643 10 3 0 0 3 1 3.50000000000000
427 120.77749566724199 31.59267807171590 -0.97037863731384 -0.00743324775249 10 3 0 0 3 1 3.50000000000000
428 120.77749924191981 31.59267414461442 -0.96562862396240 -0.00880644004792 10 3 0 0 3 1 3.50000000000000
429 120.77750268824921 31.59267039629465 -0.96014159917831 -0.01019670348614 10 3 0 0 3 1 3.50000000000000
430 120.77750655336656 31.59266629822694 -0.95481759309769 -0.00902734789997 10 3 0 0 3 1 3.50000000000000
431 120.77750997595896 31.59266270877387 -0.94968163967133 -0.01040948648006 10 3 0 0 3 1 3.50000000000000
432 120.77751379931294 31.59265874841955 -0.94328761100769 -0.01037843897939 10 3 0 0 3 1 3.50000000000000
433 120.77751743344135 31.59265502711787 -0.93697559833527 -0.01163957361132 10 3 0 0 3 1 3.50000000000000
434 120.77752117703723 31.59265125870718 -0.92988461256027 -0.01408743858337 10 3 0 0 3 1 3.50000000000000
435 120.77752537277738 31.59264714567099 -0.92020261287689 -0.01687848754227 10 3 0 0 3 1 3.50000000000000
436 120.77752937685595 31.59264334806637 -0.90974462032318 -0.01816425658762 10 3 0 0 3 1 3.50000000000000
437 120.77753350749789 31.59263954595998 -0.89758163690567 -0.02284998632967 10 3 0 0 3 1 3.50000000000000
438 120.77753777572806 31.59263571326359 -0.88394862413406 -0.02359698154032 10 3 0 0 3 1 3.50000000000000
439 120.77754180669534 31.59263223338486 -0.87054163217545 -0.02536000125110 10 3 0 0 3 1 3.50000000000000
440 120.77754632793287 31.59262847122588 -0.85472762584686 -0.02791995927691 10 3 0 0 3 1 3.50000000000000
441 120.77755018741644 31.59262535690154 -0.84063959121704 -0.02782275713980 10 3 0 0 3 1 3.50000000000000
442 120.77755413917238 31.59262227220428 -0.82626658678055 -0.02906566672027 10 3 0 0 3 1 3.50000000000000
443 120.77755815730720 31.59261922668218 -0.81138759851456 -0.02999352104962 10 3 0 0 3 1 3.50000000000000
444 120.77756267456860 31.59261593585147 -0.79398459196091 -0.03101621568203 10 3 0 0 3 1 3.50000000000000
445 120.77756686720851 31.59261300168538 -0.77799463272095 -0.03134280443192 10 3 0 0 3 1 3.50000000000000
446 120.77757115396349 31.59261011389519 -0.76110863685608 -0.03469611331820 10 3 0 0 3 1 3.50000000000000
447 120.77757552458056 31.59260728815270 -0.74334758520126 -0.03379603102803 10 3 0 0 3 1 3.50000000000000
448 120.77758040698768 31.59260424739881 -0.72394162416458 -0.03319425135851 10 3 0 0 3 1 3.50000000000000
449 120.77758492364727 31.59260156025769 -0.70664161443710 -0.03283352032304 10 3 0 0 3 1 3.50000000000000
450 120.77758949974520 31.59259892263825 -0.68893861770630 -0.03404600918293 10 3 0 0 3 1 3.50000000000000
451 120.77759415789205 31.59259635088993 -0.67114162445068 -0.03422386571765 10 3 0 0 3 1 3.50000000000000
452 120.77759935955574 31.59259360915784 -0.65202158689499 -0.03236005082726 10 3 0 0 3 1 3.50000000000000
453 120.77760414609622 31.59259117474392 -0.63417661190033 -0.03457677364349 10 3 0 0 3 1 3.50000000000000
454 120.77760900778583 31.59258882217362 -0.61604559421539 -0.03337687253952 10 3 0 0 3 1 3.50000000000000
455 120.77761392854075 31.59258652093296 -0.59855759143829 -0.03254280239344 10 3 0 0 3 1 3.50000000000000
456 120.77761941845083 31.59258406853827 -0.57901459932327 -0.03399598598480 10 3 0 0 3 1 3.50000000000000
457 120.77762447561139 31.59258191907082 -0.56095862388611 -0.03259934484959 10 3 0 0 3 1 3.50000000000000
458 120.77762958224578 31.59257982251999 -0.54330760240555 -0.03311732411385 10 3 0 0 3 1 3.50000000000000
459 120.77763474697495 31.59257780345937 -0.52518862485886 -0.03435322642326 10 3 0 0 3 1 3.50000000000000
460 120.77763996714583 31.59257585554592 -0.50711458921432 -0.03381490334868 10 3 0 0 3 1 3.50000000000000
461 120.77764576986611 31.59257382706681 -0.48670062422752 -0.03460370004177 10 3 0 0 3 1 3.50000000000000
462 120.77765109808963 31.59257207996498 -0.46734762191772 -0.03557961434126 10 3 0 0 3 1 3.50000000000000
463 120.77765647424658 31.59257043044749 -0.44756862521172 -0.03642219677567 10 3 0 0 3 1 3.50000000000000
464 120.77766188393846 31.59256887739621 -0.42821562290192 -0.03539467975497 10 3 0 0 3 1 3.50000000000000
465 120.77766787453037 31.59256723684801 -0.40734159946442 -0.03556723147631 10 3 0 0 3 1 3.50000000000000
466 120.77767336392061 31.59256586308030 -0.38829460740089 -0.03355727344751 10 3 0 0 3 1 3.50000000000000
467 120.77767888928480 31.59256456980838 -0.36970162391663 -0.03334335237741 10 3 0 0 3 1 3.50000000000000
468 120.77768444122141 31.59256334610446 -0.35142761468887 -0.03465397283435 10 3 0 0 3 1 3.50000000000000
469 120.77769059387872 31.59256213021927 -0.33052161335945 -0.03417529910803 10 3 0 0 3 1 3.50000000000000
470 120.77769622196577 31.59256109297547 -0.31201061606407 -0.03352468088269 10 3 0 0 3 1 3.50000000000000
471 120.77770188068482 31.59256013114996 -0.29361760616302 -0.03412916138768 10 3 0 0 3 1 3.50000000000000
472 120.77770815689004 31.59255917794401 -0.27306360006332 -0.03240980207920 10 3 0 0 3 1 3.50000000000000
473 120.77771389636693 31.59255841835370 -0.25525861978531 -0.03066076152027 10 3 0 0 3 1 3.50000000000000
474 120.77771967749982 31.59255773745663 -0.23659661412239 -0.03548243269324 10 3 0 0 3 1 3.50000000000000
475 120.77772549543384 31.59255713750042 -0.21782360970974 -0.03227204456925 10 3 0 0 3 1 3.50000000000000
476 120.77773193118477 31.59255657890333 -0.19834960997105 -0.03019520826638 10 3 0 0 3 1 3.50000000000000
477 120.77773782094516 31.59255616049349 -0.17976760864258 -0.03246597945690 10 3 0 0 3 1 3.50000000000000
478 120.77774374282868 31.59255585253411 -0.16099260747433 -0.03375748917460 10 3 0 0 3 1 3.50000000000000
479 120.77774969007056 31.59255562735300 -0.14266660809517 -0.03331656754017 10 3 0 0 3 1 3.50000000000000
480 120.77775565698124 31.59255548568275 -0.12406861037016 -0.03364023193717 10 3 0 0 3 1 3.50000000000000
481 120.77776103750544 31.59255544145050 -0.10723361372948 -0.03225532174110 10 3 0 0 3 1 3.50000000000000
482 120.77776702221793 31.59255548785586 -0.08880261331797 -0.03252225369215 10 3 0 0 3 1 3.50000000000000
483 120.77777301905572 31.59255562562371 -0.07024461030960 -0.03371857851744 10 3 0 0 3 1 3.50000000000000
484 120.77777902238167 31.59255586083723 -0.05151461064816 -0.03173437342048 10 3 0 0 3 1 3.50000000000000
485 120.77778442786719 31.59255616512108 -0.03455461189151 -0.03229087591171 10 3 0 0 3 1 3.50000000000000
486 120.77779043448855 31.59255659325673 -0.01558561157435 -0.03337575867772 10 3 0 0 3 1 3.50000000000000
487 120.77779644595435 31.59255711390800 0.00333838793449 -0.03288668394089 10 3 0 0 3 1 3.50000000000000
488 120.77780245335165 31.59255772543197 0.02148138731718 -0.03099694289267 10 3 0 0 3 1 3.50000000000000
489 120.77780904872468 31.59255851524236 0.04160938784480 -0.03195307403803 10 3 0 0 3 1 3.50000000000000
490 120.77781504784635 31.59255930595833 0.05987238883972 -0.03072994202375 10 3 0 0 3 1 3.50000000000000
491 120.77782102883471 31.59256019569864 0.07765939086676 -0.02998595125973 10 3 0 0 3 1 3.50000000000000
492 120.77782700745425 31.59256117599420 0.09530039131641 -0.02990711107850 10 3 0 0 3 1 3.50000000000000
493 120.77783297561264 31.59256222989408 0.11248138546944 -0.02869910001755 10 3 0 0 3 1 3.50000000000000
494 120.77783833366082 31.59256323056117 0.12701039016247 -0.02715904451907 10 3 0 0 3 1 3.50000000000000
495 120.77784426716472 31.59256440660888 0.14277338981628 -0.02692116610706 10 3 0 0 3 1 3.50000000000000
496 120.77785019404266 31.59256566189928 0.15854439139366 -0.02625260315835 10 3 0 0 3 1 3.50000000000000
497 120.77785610094662 31.59256699639945 0.17420238256454 -0.02622479945421 10 3 0 0 3 1 3.50000000000000
498 120.77786198571178 31.59256840065057 0.18975639343262 -0.02525089867413 10 3 0 0 3 1 3.50000000000000
499 120.77786727291341 31.59256972407589 0.20287038385868 -0.02389752306044 10 3 0 0 3 1 3.50000000000000
500 120.77787314107147 31.59257124528247 0.21622838079929 -0.02213769033551 10 3 0 0 3 1 3.50000000000000
501 120.77787899685642 31.59257281754490 0.22895738482475 -0.02252940833569 10 3 0 0 3 1 3.50000000000000
502 120.77788482669632 31.59257444428680 0.24116139113903 -0.01998988911510 10 3 0 0 3 1 3.50000000000000
503 120.77789122182043 31.59257629052415 0.25430038571358 -0.02202578447759 10 3 0 0 3 1 3.50000000000000
504 120.77789698354385 31.59257802559214 0.26629939675331 -0.02035695686936 10 3 0 0 3 1 3.50000000000000
505 120.77790270441970 31.59257981379931 0.27773037552834 -0.02026140689850 10 3 0 0 3 1 3.50000000000000
506 120.77790839028550 31.59258165136314 0.28957238793373 -0.02131250314415 10 3 0 0 3 1 3.50000000000000
507 120.77791458805649 31.59258373212464 0.30260038375854 -0.01983284950256 10 3 0 0 3 1 3.50000000000000
508 120.77792018644429 31.59258567272165 0.31408238410950 -0.01956837438047 10 3 0 0 3 1 3.50000000000000
509 120.77792573598109 31.59258766985608 0.32579639554024 -0.02055351808667 10 3 0 0 3 1 3.50000000000000
510 120.77793124403507 31.59258972574452 0.33791637420654 -0.02173320017755 10 3 0 0 3 1 3.50000000000000
511 120.77793670188498 31.59259184362935 0.35098138451576 -0.02353727817535 10 3 0 0 3 1 3.50000000000000
512 120.77794156419588 31.59259381884026 0.36385437846184 -0.02631917782128 10 3 0 0 3 1 3.50000000000000
513 120.77794691100291 31.59259608241061 0.37839439511299 -0.02510660514235 10 3 0 0 3 1 3.50000000000000
514 120.77795220945352 31.59259841057240 0.39257439970970 -0.02283462509513 10 3 0 0 3 1 3.50000000000000
515 120.77795746744704 31.59260078350114 0.40634739398956 -0.02518764324486 10 3 0 0 3 1 3.50000000000000
516 120.77796214659213 31.59260297523402 0.41866737604141 -0.02435134164989 10 3 0 0 3 1 3.50000000000000
517 120.77796729636400 31.59260545138116 0.43179640173912 -0.02119919843972 10 3 0 0 3 1 3.50000000000000
518 120.77797242583327 31.59260796341853 0.44352439045906 -0.02083072252572 10 3 0 0 3 1 3.50000000000000
519 120.77797753257417 31.59261047603490 0.45335137844086 -0.01550952717662 10 3 0 0 3 1 3.50000000000000
520 120.77798260070489 31.59261298993434 0.46089738607407 -0.01176465675235 10 3 0 0 3 1 3.50000000000000
521 120.77798816141410 31.59261574448954 0.46714839339256 -0.00870020966977 10 3 0 0 3 1 3.50000000000000
522 120.77799319846110 31.59261822093137 0.47122538089752 -0.00620709033683 10 3 0 0 3 1 3.50000000000000
523 120.77799823038110 31.59262066936938 0.47362437844276 -0.00331004848704 10 3 0 0 3 1 3.50000000000000
524 120.77800323990019 31.59262310852788 0.47506839036942 -0.00234584487043 10 3 0 0 3 1 3.50000000000000
525 120.77800872050123 31.59262577553249 0.47602838277817 -0.00084710493684 10 3 0 0 3 1 3.50000000000000
526 120.77801368340364 31.59262819189362 0.47724339365959 -0.00120729045011 10 3 0 0 3 1 3.50000000000000
527 120.77801862027903 31.59263057159670 0.47827738523483 -0.00054286880186 10 3 0 0 3 1 3.50000000000000
528 120.77802348975752 31.59263292711004 0.47863438725471 -0.00016162000247 10 3 0 0 3 1 3.50000000000000
529 120.77802878357824 31.59263549293403 0.47882339358330 -0.00040531184641 10 3 0 0 3 1 3.50000000000000
530 120.77794863439790 31.59268714445345 -2.66430401802063 -0.07860013097525 10 3 0 0 3 1 3.50000000000000
531 120.77794396908337 31.59268494962581 -2.65725684165955 -0.01271006371826 10 3 0 0 3 1 3.50000000000000
532 120.77793927585368 31.59268259527126 -2.64953398704529 -0.01914894208312 10 3 0 0 3 1 3.50000000000000
533 120.77793437231013 31.59268004138383 -2.64140295982361 -0.01846340671182 10 3 0 0 3 1 3.50000000000000
534 120.77792970982777 31.59267752323613 -2.63189291954041 -0.01677314564586 10 3 0 0 3 1 3.50000000000000
535 120.77792529655406 31.59267506134596 -2.62155389785767 -0.02206691168249 10 3 0 0 3 1 3.50000000000000
536 120.77792082551886 31.59267248720235 -2.61071085929871 -0.02363944798708 10 3 0 0 3 1 3.50000000000000
537 120.77791638102494 31.59266981484879 -2.59894084930420 -0.02414328418672 10 3 0 0 3 1 3.50000000000000
538 120.77791169047725 31.59266695104474 -2.58660101890564 -0.02258480712771 10 3 0 0 3 1 3.50000000000000
539 120.77790714652068 31.59266409311799 -2.57366895675659 -0.02477888762951 10 3 0 0 3 1 3.50000000000000
540 120.77790280224895 31.59266129614462 -2.56049990653992 -0.02472761832178 10 3 0 0 3 1 3.50000000000000
541 120.77789836399269 31.59265836330060 -2.54658102989197 -0.02583745494485 10 3 0 0 3 1 3.50000000000000
542 120.77789423327991 31.59265549090033 -2.53345489501953 -0.02636744268239 10 3 0 0 3 1 3.50000000000000
543 120.77788972874427 31.59265226337589 -2.51970887184143 -0.02653244324028 10 3 0 0 3 1 3.50000000000000
544 120.77788518260540 31.59264888348407 -2.50463199615479 -0.02645895257592 10 3 0 0 3 1 3.50000000000000
545 120.77788090973377 31.59264562601449 -2.48979902267456 -0.02628100104630 10 3 0 0 3 1 3.50000000000000
546 120.77787696524965 31.59264250079783 -2.47549486160278 -0.02955330722034 10 3 0 0 3 1 3.50000000000000
547 120.77787302218283 31.59263925720815 -2.46058893203735 -0.02823222428560 10 3 0 0 3 1 3.50000000000000
548 120.77786875809620 31.59263562259405 -2.44417881965637 -0.02820574864745 10 3 0 0 3 1 3.50000000000000
549 120.77786483821353 31.59263215631566 -2.42843389511108 -0.02950543724000 10 3 0 0 3 1 3.50000000000000
550 120.77786092130350 31.59262858712474 -2.41197896003723 -0.02905857563019 10 3 0 0 3 1 3.50000000000000
551 120.77785702976573 31.59262491775070 -2.39555597305298 -0.03067950531840 10 3 0 0 3 1 3.50000000000000
552 120.77785347379510 31.59262146164044 -2.37953996658325 -0.03074352815747 10 3 0 0 3 1 3.50000000000000
553 120.77784965935746 31.59261758006809 -2.36202597618103 -0.03165554627776 10 3 0 0 3 1 3.50000000000000
554 120.77784588210945 31.59261361224296 -2.34410881996155 -0.03152345865965 10 3 0 0 3 1 3.50000000000000
555 120.77784190037542 31.59260919358811 -2.32348299026489 -0.03327451273799 10 3 0 0 3 1 3.50000000000000
556 120.77783828106243 31.59260503211403 -2.30457401275635 -0.03307424485683 10 3 0 0 3 1 3.50000000000000
557 120.77783474396844 31.59260078377714 -2.28524398803711 -0.03406691178679 10 3 0 0 3 1 3.50000000000000
558 120.77783128283012 31.59259645357544 -2.26561784744263 -0.03308152407408 10 3 0 0 3 1 3.50000000000000
559 120.77782816008789 31.59259243339361 -2.24808287620544 -0.03272889554501 10 3 0 0 3 1 3.50000000000000
560 120.77782485657174 31.59258796463505 -2.22864794731140 -0.03308955579996 10 3 0 0 3 1 3.50000000000000
561 120.77782164093216 31.59258341143034 -2.20883703231812 -0.03292144089937 10 3 0 0 3 1 3.50000000000000
562 120.77781827126134 31.59257838714057 -2.18792891502380 -0.03264770284295 10 3 0 0 3 1 3.50000000000000
563 120.77781523923944 31.59257367848799 -2.16807103157043 -0.03392270207405 10 3 0 0 3 1 3.50000000000000
564 120.77781228919919 31.59256890405214 -2.14829492568970 -0.03181619569659 10 3 0 0 3 1 3.50000000000000
565 120.77780989031798 31.59256488032315 -2.13223981857300 -0.03335597738624 10 3 0 0 3 1 3.50000000000000
566 120.77780736681048 31.59256037559788 -2.11420297622681 -0.03239531442523 10 3 0 0 3 1 3.50000000000000
567 120.77780512763373 31.59255623877081 -2.09788084030151 -0.03122384473681 10 3 0 0 3 1 3.50000000000000
568 120.77780294453412 31.59255206653409 -2.08211088180542 -0.02998912893236 10 3 0 0 3 1 3.50000000000000
569 120.77780083903104 31.59254784633540 -2.06666803359985 -0.03081970475614 10 3 0 0 3 1 3.50000000000000
570 120.77779857632819 31.59254317534828 -2.04955601692200 -0.03042931295931 10 3 0 0 3 1 3.50000000000000
571 120.77779662170524 31.59253888795946 -2.03419280052185 -0.03031993284822 10 3 0 0 3 1 3.50000000000000
572 120.77779472566573 31.59253457862281 -2.01914000511169 -0.02991828694940 10 3 0 0 3 1 3.50000000000000
573 120.77779289429175 31.59253024453879 -2.00385594367981 -0.03034107014537 10 3 0 0 3 1 3.50000000000000
574 120.77779098992748 31.59252544420216 -1.98701393604279 -0.02970331721008 10 3 0 0 3 1 3.50000000000000
575 120.77778933618090 31.59252106289610 -1.97162890434265 -0.03041941486299 10 3 0 0 3 1 3.50000000000000
576 120.77778778342994 31.59251667181371 -1.95609688758850 -0.03082360327244 10 3 0 0 3 1 3.50000000000000
577 120.77778630310497 31.59251231762503 -1.94066286087036 -0.03029685094953 10 3 0 0 3 1 3.50000000000000
578 120.77778464865349 31.59250712816671 -1.92296791076660 -0.02827307954431 10 3 0 0 3 1 3.50000000000000
579 120.77778326387127 31.59250240522562 -1.90668892860413 -0.03055447340012 10 3 0 0 3 1 3.50000000000000
580 120.77778185701176 31.59249729595098 -1.88900494575500 -0.02902905456722 10 3 0 0 3 1 3.50000000000000
581 120.77778055936975 31.59249223521626 -1.87175691127777 -0.02937447652221 10 3 0 0 3 1 3.50000000000000
582 120.77777937831414 31.59248722014506 -1.85423886775970 -0.03159192577004 10 3 0 0 3 1 3.50000000000000
583 120.77777840230593 31.59248265683436 -1.83841288089752 -0.03165908530354 10 3 0 0 3 1 3.50000000000000
584 120.77777746973590 31.59247770277450 -1.82078993320465 -0.03309578821063 10 3 0 0 3 1 3.50000000000000
585 120.77777664016139 31.59247277812508 -1.80291497707367 -0.03158035129309 10 3 0 0 3 1 3.50000000000000
586 120.77777597512487 31.59246824845392 -1.78615987300873 -0.03318066522479 10 3 0 0 3 1 3.50000000000000
587 120.77777533715800 31.59246328570194 -1.76786494255066 -0.03376130014658 10 3 0 0 3 1 3.50000000000000
588 120.77777482177454 31.59245828881117 -1.74884486198425 -0.03582073375583 10 3 0 0 3 1 3.50000000000000
589 120.77777444355891 31.59245326678358 -1.72954797744751 -0.03546840324998 10 3 0 0 3 1 3.50000000000000
590 120.77777421039774 31.59244863821503 -1.71140193939209 -0.03620429337025 10 3 0 0 3 1 3.50000000000000
591 120.77777407673216 31.59244356264729 -1.69066596031189 -0.03703146055341 10 3 0 0 3 1 3.50000000000000
592 120.77777406487884 31.59243846248457 -1.66949486732483 -0.03628578782082 10 3 0 0 3 1 3.50000000000000
593 120.77777418593027 31.59243290634441 -1.64693188667297 -0.03718084841967 10 3 0 0 3 1 3.50000000000000
594 120.77777440711354 31.59242775442919 -1.62593090534210 -0.03693858906627 10 3 0 0 3 1 3.50000000000000
595 120.77777476018937 31.59242258636549 -1.60557794570923 -0.03395169600844 10 3 0 0 3 1 3.50000000000000
596 120.77777523490624 31.59241741074972 -1.58515155315399 -0.03553321585059 10 3 0 0 3 1 3.50000000000000
597 120.77777578149949 31.59241266235234 -1.56583559513092 -0.03834236785769 10 3 0 0 3 1 3.50000000000000
598 120.77777649631325 31.59240751075510 -1.54477858543396 -0.03577950224280 10 3 0 0 3 1 3.50000000000000
599 120.77777733707050 31.59240243053706 -1.52427959442139 -0.03621060401201 10 3 0 0 3 1 3.50000000000000
600 120.77777828405094 31.59239741488787 -1.50359857082367 -0.03747043386102 10 3 0 0 3 1 3.50000000000000
601 120.77777923615623 31.59239288309508 -1.48503661155701 -0.03568029403687 10 3 0 0 3 1 3.50000000000000
602 120.77778036015168 31.59238800411447 -1.46556961536407 -0.03573862463236 10 3 0 0 3 1 3.50000000000000
603 120.77778157477549 31.59238320114705 -1.44631266593933 -0.03614943102002 10 3 0 0 3 1 3.50000000000000
604 120.77778303917420 31.59237808036428 -1.42466366291046 -0.03812360763550 10 3 0 0 3 1 3.50000000000000
605 120.77778449745685 31.59237342168292 -1.40442955493927 -0.03776290640235 10 3 0 0 3 1 3.50000000000000
606 120.77778607625504 31.59236883352559 -1.38260960578918 -0.04261339083314 10 3 0 0 3 1 3.50000000000000
607 120.77778780135955 31.59236431339930 -1.36001563072205 -0.04341757670045 10 3 0 0 3 1 3.50000000000000
608 120.77778981525900 31.59235944286380 -1.33613860607147 -0.04210555925965 10 3 0 0 3 1 3.50000000000000
609 120.77779179164763 31.59235496452575 -1.31402659416199 -0.04152495414019 10 3 0 0 3 1 3.50000000000000
610 120.77779388540186 31.59235050558397 -1.29211556911469 -0.03888537362218 10 3 0 0 3 1 3.50000000000000
611 120.77779606709369 31.59234606327290 -1.27165663242340 -0.03774524107575 10 3 0 0 3 1 3.50000000000000
612 120.77779854561233 31.59234126334907 -1.24990963935852 -0.03650537878275 10 3 0 0 3 1 3.50000000000000
613 120.77780093900417 31.59233685288685 -1.23104465007782 -0.03374472260475 10 3 0 0 3 1 3.50000000000000
614 120.77780340135666 31.59233245657346 -1.21361958980560 -0.03223668038845 10 3 0 0 3 1 3.50000000000000
615 120.77780616612831 31.59232775721402 -1.19373464584351 -0.03418058902025 10 3 0 0 3 1 3.50000000000000
616 120.77780878225084 31.59232350575019 -1.17618858814240 -0.03217799216509 10 3 0 0 3 1 3.50000000000000
617 120.77781143275456 31.59231931756705 -1.15945661067963 -0.03124510124326 10 3 0 0 3 1 3.50000000000000
618 120.77781411365660 31.59231519894294 -1.14415860176086 -0.02821452356875 10 3 0 0 3 1 3.50000000000000
619 120.77781706587191 31.59231081644580 -1.12853062152863 -0.02841809764504 10 3 0 0 3 1 3.50000000000000
620 120.77781982593956 31.59230684564030 -1.11439466476440 -0.02803892083466 10 3 0 0 3 1 3.50000000000000
621 120.77782260250740 31.59230292831503 -1.10179257392883 -0.02238626591861 10 3 0 0 3 1 3.50000000000000
622 120.77782557333390 31.59229872630519 -1.09056556224823 -0.01982306875288 10 3 0 0 3 1 3.50000000000000
623 120.77782877672961 31.59229426793593 -1.07973861694336 -0.01716936565936 10 3 0 0 3 1 3.50000000000000
624 120.77783200020527 31.59228989072581 -1.06900858879089 -0.01867366023362 10 3 0 0 3 1 3.50000000000000
625 120.77783525487020 31.59228559092782 -1.05839765071869 -0.01798439957201 10 3 0 0 3 1 3.50000000000000
626 120.77800248017526 31.59236366214627 2.12222647666931 0.00070082087768 10 3 0 0 3 1 3.50000000000000
627 120.77799950927459 31.59236747104068 2.12154150009155 -0.00094627612270 10 3 0 0 3 1 3.50000000000000
628 120.77799640232547 31.59237136376266 2.12164735794067 -0.00140547507908 10 3 0 0 3 1 3.50000000000000
629 120.77799323330275 31.59237535137593 2.12415027618408 -0.00617356551811 10 3 0 0 3 1 3.50000000000000
630 120.77798993094376 31.59237935511898 2.12955641746521 -0.01575598493218 10 3 0 0 3 1 3.50000000000000
631 120.77798649832262 31.59238338035994 2.13771629333496 -0.01721571572125 10 3 0 0 3 1 3.50000000000000
632 120.77798313444760 31.59238725595973 2.14679241180420 -0.01424323208630 10 3 0 0 3 1 3.50000000000000
633 120.77797965763970 31.59239125626046 2.15606045722961 -0.01739066839218 10 3 0 0 3 1 3.50000000000000
634 120.77797610103246 31.59239520675016 2.16602730751038 -0.01667480915785 10 3 0 0 3 1 3.50000000000000
635 120.77797278356432 31.59239884752257 2.17460632324219 -0.01757434010506 10 3 0 0 3 1 3.50000000000000
636 120.77796898974935 31.59240290459628 2.18518733978271 -0.01711091399193 10 3 0 0 3 1 3.50000000000000
637 120.77796526902432 31.59240680407648 2.19536232948303 -0.01657840982080 10 3 0 0 3 1 3.50000000000000
638 120.77796138012322 31.59241079829145 2.20574736595154 -0.01949451491237 10 3 0 0 3 1 3.50000000000000
639 120.77795792170645 31.59241427822226 2.21534132957458 -0.01652780734003 10 3 0 0 3 1 3.50000000000000
640 120.77795402574321 31.59241809289077 2.22541427612305 -0.02035536989570 10 3 0 0 3 1 3.50000000000000
641 120.77795027370566 31.59242164527124 2.23618245124817 -0.02165200188756 10 3 0 0 3 1 3.50000000000000
642 120.77794639581468 31.59242523852544 2.24787545204163 -0.02000689692795 10 3 0 0 3 1 3.50000000000000
643 120.77794204691884 31.59242911936562 2.26211333274841 -0.02477811276913 10 3 0 0 3 1 3.50000000000000
644 120.77793786794082 31.59243268263134 2.27715039253235 -0.02652559056878 10 3 0 0 3 1 3.50000000000000
645 120.77793353722087 31.59243622340270 2.29355835914612 -0.03016675449908 10 3 0 0 3 1 3.50000000000000
646 120.77792905745278 31.59243973117280 2.31168127059937 -0.03222460299730 10 3 0 0 3 1 3.50000000000000
647 120.77792482436473 31.59244292668695 2.32781028747559 -0.02945839054883 10 3 0 0 3 1 3.50000000000000
648 120.77792008777161 31.59244638985210 2.34677338600159 -0.03336626291275 10 3 0 0 3 1 3.50000000000000
649 120.77791521397171 31.59244979672980 2.36592340469360 -0.03080397285521 10 3 0 0 3 1 3.50000000000000
650 120.77791105344667 31.59245258773093 2.38237428665161 -0.03400402888656 10 3 0 0 3 1 3.50000000000000
651 120.77790635279183 31.59245559138873 2.40137743949890 -0.03460575640202 10 3 0 0 3 1 3.50000000000000
652 120.77790199518040 31.59245828352519 2.41873550415039 -0.03363307565451 10 3 0 0 3 1 3.50000000000000
653 120.77789754864146 31.59246091049273 2.43591737747192 -0.03415933251381 10 3 0 0 3 1 3.50000000000000
654 120.77789303302509 31.59246348729813 2.45356631278992 -0.03394570201635 10 3 0 0 3 1 3.50000000000000
655 120.77788797888809 31.59246625034711 2.47299027442932 -0.03427413851023 10 3 0 0 3 1 3.50000000000000
656 120.77788332001285 31.59246871385420 2.49029731750488 -0.03305144235492 10 3 0 0 3 1 3.50000000000000
657 120.77787859303534 31.59247112062856 2.50780344009399 -0.03325160592794 10 3 0 0 3 1 3.50000000000000
658 120.77787379052559 31.59247344360206 2.52570247650146 -0.03494657948613 10 3 0 0 3 1 3.50000000000000
659 120.77786894035128 31.59247571335386 2.54392933845520 -0.03498411923647 10 3 0 0 3 1 3.50000000000000
660 120.77786351861596 31.59247813461639 2.56379246711731 -0.03403492644429 10 3 0 0 3 1 3.50000000000000
661 120.77785851457121 31.59248027065954 2.58216142654419 -0.03413857892156 10 3 0 0 3 1 3.50000000000000
662 120.77785344316840 31.59248234201495 2.60036945343018 -0.03293394669890 10 3 0 0 3 1 3.50000000000000
663 120.77784830543143 31.59248432813117 2.61848545074463 -0.03471557423472 10 3 0 0 3 1 3.50000000000000
664 120.77784258514956 31.59248644677111 2.63885545730591 -0.03555842489004 10 3 0 0 3 1 3.50000000000000
665 120.77783731472067 31.59248828152004 2.65724945068359 -0.03420690074563 10 3 0 0 3 1 3.50000000000000
666 120.77783197584384 31.59249005968105 2.67576026916504 -0.03409978747368 10 3 0 0 3 1 3.50000000000000
667 120.77782657699160 31.59249176494588 2.69458937644958 -0.03428736329079 10 3 0 0 3 1 3.50000000000000
668 120.77782056179068 31.59249353197457 2.71510148048401 -0.03354279696941 10 3 0 0 3 1 3.50000000000000
669 120.77781503117362 31.59249506655452 2.73388433456421 -0.03383208066225 10 3 0 0 3 1 3.50000000000000
670 120.77780942900051 31.59249650625767 2.75287437438965 -0.03377149626613 10 3 0 0 3 1 3.50000000000000
671 120.77780377501064 31.59249788900619 2.77081632614136 -0.02991716936231 10 3 0 0 3 1 3.50000000000000
672 120.77779807382339 31.59249921330290 2.78786039352417 -0.02994261309505 10 3 0 0 3 1 3.50000000000000
673 120.77779289575673 31.59250034250822 2.80318832397461 -0.02894360385835 10 3 0 0 3 1 3.50000000000000
674 120.77778709513838 31.59250152514863 2.81977629661560 -0.02856561541557 10 3 0 0 3 1 3.50000000000000
675 120.77778124698547 31.59250263075175 2.83683729171753 -0.03128235787153 10 3 0 0 3 1 3.50000000000000
676 120.77777535460119 31.59250364892990 2.85427236557007 -0.03017176128924 10 3 0 0 3 1 3.50000000000000
677 120.77777002534863 31.59250449741767 2.86942744255066 -0.03076343424618 10 3 0 0 3 1 3.50000000000000
678 120.77776407852616 31.59250535753885 2.88690137863159 -0.03026292100549 10 3 0 0 3 1 3.50000000000000
679 120.77775810533706 31.59250614347857 2.90365028381348 -0.02865770645440 10 3 0 0 3 1 3.50000000000000
680 120.77775210849190 31.59250684522906 2.92041444778442 -0.03066768497229 10 3 0 0 3 1 3.50000000000000
681 120.77774608589057 31.59250744327437 2.93768239021301 -0.03093149513006 10 3 0 0 3 1 3.50000000000000
682 120.77774064889442 31.59250791324091 2.95336437225342 -0.02971407026052 10 3 0 0 3 1 3.50000000000000
683 120.77773459658506 31.59250835749480 2.97059249877930 -0.02970006689429 10 3 0 0 3 1 3.50000000000000
684 120.77772851914521 31.59250871885112 2.98800635337830 -0.03111392073333 10 3 0 0 3 1 3.50000000000000
685 120.77772242723206 31.59250898773233 3.00497746467590 -0.02963342890143 10 3 0 0 3 1 3.50000000000000
686 120.77771693604488 31.59250914820507 3.02059650421143 -0.02990045771003 10 3 0 0 3 1 3.50000000000000
687 120.77771082191052 31.59250925624943 3.03807449340820 -0.02845977619290 10 3 0 0 3 1 3.50000000000000
688 120.77770469376277 31.59250927687326 3.05535030364990 -0.03011849895120 10 3 0 0 3 1 3.50000000000000
689 120.77769855884959 31.59250918400352 3.07282447814941 -0.03048934601247 10 3 0 0 3 1 3.50000000000000
690 120.77769241547963 31.59250899919636 3.09032940864563 -0.03005029447377 10 3 0 0 3 1 3.50000000000000
691 120.77768688726901 31.59250876240623 3.10599946975708 -0.02974319458008 10 3 0 0 3 1 3.50000000000000
692 120.77768074541514 31.59250842009535 3.12324833869934 -0.02996610291302 10 3 0 0 3 1 3.50000000000000
693 120.77767461879475 31.59250797762412 3.14046645164490 -0.02929420955479 10 3 0 0 3 1 3.50000000000000
694 120.77766849691895 31.59250747054165 -3.12599301338196 -0.02903525717556 10 3 0 0 3 1 3.50000000000000
695 120.77766300169120 31.59250693716704 -3.11090302467346 -0.02907335385680 10 3 0 0 3 1 3.50000000000000
696 120.77765691210865 31.59250626388835 -3.09425187110901 -0.02918943576515 10 3 0 0 3 1 3.50000000000000
697 120.77765085037541 31.59250549399933 -3.07767891883850 -0.02812379971147 10 3 0 0 3 1 3.50000000000000
698 120.77764481517414 31.59250465082382 -3.06121301651001 -0.02764332294464 10 3 0 0 3 1 3.50000000000000
699 120.77763880156937 31.59250375307874 -3.04551887512207 -0.02706266939640 10 3 0 0 3 1 3.50000000000000
700 120.77763341245704 31.59250289247139 -3.03203988075256 -0.02519498392940 10 3 0 0 3 1 3.50000000000000
701 120.77762746056018 31.59250183938579 -3.01674103736877 -0.02529842406511 10 3 0 0 3 1 3.50000000000000
702 120.77762153579832 31.59250072804596 -3.00203990936279 -0.02534882910550 10 3 0 0 3 1 3.50000000000000
703 120.77761564797817 31.59249953666613 -2.98691201210022 -0.02692508697510 10 3 0 0 3 1 3.50000000000000
704 120.77761038264434 31.59249840532298 -2.97369599342346 -0.02377071604133 10 3 0 0 3 1 3.50000000000000
705 120.77760456258200 31.59249708497017 -2.95973896980286 -0.02506952546537 10 3 0 0 3 1 3.50000000000000
706 120.77759876844253 31.59249571939783 -2.94558382034302 -0.02466811612248 10 3 0 0 3 1 3.50000000000000
707 120.77759300295124 31.59249429443867 -2.93226480484009 -0.02236329577863 10 3 0 0 3 1 3.50000000000000
708 120.77758670427581 31.59249264509620 -2.91774487495422 -0.02474089339375 10 3 0 0 3 1 3.50000000000000
709 120.77758101154900 31.59249108250523 -2.90415287017822 -0.02388540096581 10 3 0 0 3 1 3.50000000000000
710 120.77757536065037 31.59248945561409 -2.89080882072449 -0.02308599464595 10 3 0 0 3 1 3.50000000000000
711 120.77756973426963 31.59248778258893 -2.87781095504761 -0.02277064882219 10 3 0 0 3 1 3.50000000000000
712 120.77756414522183 31.59248603835445 -2.86433196067810 -0.02435108833015 10 3 0 0 3 1 3.50000000000000
713 120.77755915284673 31.59248441420238 -2.85225200653076 -0.02312224544585 10 3 0 0 3 1 3.50000000000000
714 120.77755364734973 31.59248255781696 -2.83881688117981 -0.02565377391875 10 3 0 0 3 1 3.50000000000000
715 120.77754817525462 31.59248062012431 -2.82447886466980 -0.02658299356699 10 3 0 0 3 1 3.50000000000000
716 120.77754274589344 31.59247860891409 -2.80960083007812 -0.02743928879499 10 3 0 0 3 1 3.50000000000000
717 120.77753789762757 31.59247674520058 -2.79637193679810 -0.02575596421957 10 3 0 0 3 1 3.50000000000000
718 120.77753256415137 31.59247460234081 -2.78120183944702 -0.02711391076446 10 3 0 0 3 1 3.50000000000000
719 120.77752725918374 31.59247239874542 -2.76657199859619 -0.02606029808521 10 3 0 0 3 1 3.50000000000000
720 120.77752200116862 31.59247014451278 -2.75212597846985 -0.02541516721249 10 3 0 0 3 1 3.50000000000000
721 120.77751679630863 31.59246782287101 -2.73756289482117 -0.02525720000267 10 3 0 0 3 1 3.50000000000000
722 120.77751212802018 31.59246570264409 -2.72583484649658 -0.02168024517596 10 3 0 0 3 1 3.50000000000000
723 120.77750697508841 31.59246331771953 -2.71412587165833 -0.02109731733799 10 3 0 0 3 1 3.50000000000000
724 120.77750184609329 31.59246090776569 -2.70343780517578 -0.01953966356814 10 3 0 0 3 1 3.50000000000000
725 120.77749675308695 31.59245848942086 -2.69483494758606 -0.01440730132163 10 3 0 0 3 1 3.50000000000000
726 120.77749119875322 31.59245586085633 -2.68762302398682 -0.00994447525591 10 3 0 0 3 1 3.50000000000000
727 120.77748617691522 31.59245347249458 -2.68199586868286 -0.01026323251426 10 3 0 0 3 1 3.50000000000000
728 120.77748119922489 31.59245110372248 -2.67805194854736 -0.00578256836161 10 3 0 0 3 1 3.50000000000000
729 120.77747629821324 31.59244878328964 -2.67589783668518 -0.00355719635263 10 3 0 0 3 1 3.50000000000000
730 120.77747108335689 31.59244629699307 -2.67330694198608 -0.00570804812014 10 3 0 0 3 1 3.50000000000000
731 120.77746566443014 31.59244371091637 -2.67086482048035 -0.00398470042273 10 3 0 0 3 1 3.50000000000000
732 120.77746053306561 31.59244125800538 -2.66888284683228 -0.00389089738019 10 3 0 0 3 1 3.50000000000000
733 120.77745569049186 31.59243892115056 -2.66682791709900 -0.00500209303573 10 3 0 0 3 1 3.50000000000000
734 120.77745076182337 31.59243652332851 -2.66492986679077 -0.00394094223157 10 3 0 0 3 1 3.50000000000000
735 120.77744583915050 31.59243412475459 -2.66303181648254 -0.00422534812242 10 3 0 0 3 1 3.50000000000000
