Id Lon Lat heading curvature mode SpeedMode EventMode OppositeSideMode LaneNum LaneSeq LaneWidth
0 120.77716299067865 31.59010662582368 -2.64116692543030 0.30484440922737 10 3 0 0 2 1 3.00000000000000
1 120.77715839469290 31.59010436929280 -2.63992285728455 -0.00451925396919 10 3 0 0 2 1 3.00000000000000
2 120.77715369126341 31.59010200822966 -2.63882088661194 -0.00073142780457 10 3 0 0 2 1 3.00000000000000
3 120.77714891090289 31.59009960305456 -2.63725399971008 -0.00258123502135 10 3 0 0 2 1 3.00000000000000
4 120.77714399591100 31.59009710387831 -2.63565182685852 -0.00237171514891 10 3 0 0 2 1 3.00000000000000
5 120.77713922775149 31.59009468169650 -2.63437891006470 -0.00209954450838 10 3 0 0 2 1 3.00000000000000
6 120.77713434679633 31.59009218727921 -2.63288283348083 -0.00334076094441 10 3 0 0 2 1 3.00000000000000
7 120.77712947143146 31.59008966282842 -2.63115191459656 -0.00455945543945 10 3 0 0 2 1 3.00000000000000
8 120.77712468202138 31.59008718820656 -2.62960290908813 -0.00554369110614 10 3 0 0 2 1 3.00000000000000
9 120.77712004144919 31.59008476239186 -2.62832498550415 -0.00359903136268 10 3 0 0 2 1 3.00000000000000
10 120.77711498692165 31.59008210885986 -2.62663197517395 -0.00286685093306 10 3 0 0 2 1 3.00000000000000
11 120.77711012157408 31.59007958025693 -2.62594294548035 0.00014989836200 10 3 0 0 2 1 3.00000000000000
12 120.77710523772711 31.59007701295195 -2.62595200538635 -0.00152785738464 10 3 0 0 2 1 3.00000000000000
13 120.77710064755038 31.59007463481999 -2.62732100486755 0.00471362471581 10 3 0 0 2 1 3.00000000000000
14 120.77709570032562 31.59007215074391 -2.63096284866333 0.00867339223623 10 3 0 0 2 1 3.00000000000000
15 120.77709066465476 31.59006976714310 -2.63701701164246 0.01152059715241 10 3 0 0 2 1 3.00000000000000
16 120.77708588811582 31.59006758954856 -2.64482283592224 0.01676017232239 10 3 0 0 2 1 3.00000000000000
17 120.77708073522820 31.59006535523072 -2.65667486190796 0.02412149496377 10 3 0 0 2 1 3.00000000000000
18 120.77707551471919 31.59006323320884 -2.67183899879456 0.02967558056116 10 3 0 0 2 1 3.00000000000000
19 120.77707053570590 31.59006136405484 -2.68975186347961 0.03970432281494 10 3 0 0 2 1 3.00000000000000
20 120.77706512577210 31.59005956036003 -2.71373486518860 0.04794120043516 10 3 0 0 2 1 3.00000000000000
21 120.77705996706828 31.59005808759828 -2.74188399314880 0.05937010049820 10 3 0 0 2 1 3.00000000000000
22 120.77705435687461 31.59005679419033 -2.77846193313599 0.07028555870056 10 3 0 0 2 1 3.00000000000000
23 120.77704867165740 31.59005574926758 -2.81986999511719 0.07949827611446 10 3 0 0 2 1 3.00000000000000
24 120.77704328852677 31.59005503881341 -2.86087203025818 0.08229797333479 10 3 0 0 2 1 3.00000000000000
25 120.77703750758900 31.59005449611757 -2.90544390678406 0.08175771683455 10 3 0 0 2 1 3.00000000000000
26 120.77703169730233 31.59005418987553 -2.95183300971985 0.08740553259850 10 3 0 0 2 1 3.00000000000000
27 120.77702625013177 31.59005412608672 -2.99615788459778 0.08635451644659 10 3 0 0 2 1 3.00000000000000
28 120.77702044551215 31.59005432650636 -3.04518985748291 0.09459602832794 10 3 0 0 2 1 3.00000000000000
29 120.77701501912905 31.59005477437156 -3.09372091293335 0.09994314610958 10 3 0 0 2 1 3.00000000000000
30 120.77700928740785 31.59005554955200 3.13460946083069 0.10413192212582 10 3 0 0 2 1 3.00000000000000
31 120.77700365965015 31.59005661490879 3.07899832725525 0.10593651235104 10 3 0 0 2 1 3.00000000000000
32 120.77699852275548 31.59005788347925 3.02503132820129 0.10999252647161 10 3 0 0 2 1 3.00000000000000
33 120.77699320706650 31.59005948111385 2.96749329566956 0.11184292286634 10 3 0 0 2 1 3.00000000000000
34 120.77698809005682 31.59006134222716 2.90924239158630 0.11426112055779 10 3 0 0 2 1 3.00000000000000
35 120.77698285030789 31.59006354032709 2.84821844100952 0.11150787770748 10 3 0 0 2 1 3.00000000000000
36 120.77697811797762 31.59006580937545 2.79221630096436 0.11398063600063 10 3 0 0 2 1 3.00000000000000
37 120.77697360152449 31.59006826346301 2.73552036285400 0.11350683122873 10 3 0 0 2 1 3.00000000000000
38 120.77696903166415 31.59007107040934 2.67723536491394 0.11305858939886 10 3 0 0 2 1 3.00000000000000
39 120.77696444477068 31.59007424580534 2.61453247070312 0.11136742681265 10 3 0 0 2 1 3.00000000000000
40 120.77696034040362 31.59007745755598 2.55659341812134 0.11584025621414 10 3 0 0 2 1 3.00000000000000
41 120.77695625400000 31.59008107412134 2.49582338333130 0.11134054511786 10 3 0 0 2 1 3.00000000000000
42 120.77695239139497 31.59008485460746 2.43706345558167 0.10395731031895 10 3 0 0 2 1 3.00000000000000
43 120.77694889234338 31.59008853346129 2.38553237915039 0.09796986728907 10 3 0 0 2 1 3.00000000000000
44 120.77694531480701 31.59009253332409 2.33597230911255 0.08558547496796 10 3 0 0 2 1 3.00000000000000
45 120.77694206525007 31.59009642148601 2.29357028007507 0.07961267977953 10 3 0 0 2 1 3.00000000000000
46 120.77693907792747 31.59010016294950 2.25702142715454 0.06889642030001 10 3 0 0 2 1 3.00000000000000
47 120.77693614010877 31.59010396383966 2.22557044029236 0.05700092017651 10 3 0 0 2 1 3.00000000000000
48 120.77693296209901 31.59010802223275 2.20019030570984 0.04336730018258 10 3 0 0 2 1 3.00000000000000
49 120.77692995641581 31.59011186911192 2.18136835098267 0.03250494226813 10 3 0 0 2 1 3.00000000000000
50 120.77692671530892 31.59011597770631 2.16681432723999 0.02341056056321 10 3 0 0 2 1 3.00000000000000
51 120.77692363249503 31.59011982704626 2.15799045562744 0.01393861975521 10 3 0 0 2 1 3.00000000000000
52 120.77692055194821 31.59012366291478 2.15264129638672 0.00964176468551 10 3 0 0 2 1 3.00000000000000
53 120.77691727573175 31.59012772642170 2.14942049980164 0.00671070069075 10 3 0 0 2 1 3.00000000000000
54 120.77691420408875 31.59013150868568 2.14772343635559 0.00247207214125 10 3 0 0 2 1 3.00000000000000
55 120.77691114530171 31.59013527121149 2.14768028259277 -0.00202830811031 10 3 0 0 2 1 3.00000000000000
56 120.77690792399379 31.59013922332732 2.14886546134949 -0.00118170375936 10 3 0 0 2 1 3.00000000000000
57 120.77690493570877 31.59014294159359 2.14940428733826 -0.00022838629957 10 3 0 0 2 1 3.00000000000000
58 120.77690162697790 31.59014708361986 2.14954948425293 0.00064653332811 10 3 0 0 2 1 3.00000000000000
59 120.77689853911134 31.59015096324212 2.14956140518188 0.00063397549093 10 3 0 0 2 1 3.00000000000000
60 120.77684107859457 31.59013076935376 -0.92808163166046 0.00755427498370 10 3 0 0 2 1 3.00000000000000
61 120.77684438453494 31.59012708617107 -0.93175458908081 0.01158443000168 10 3 0 0 2 1 3.00000000000000
62 120.77684761483954 31.59012350601849 -0.93492263555527 0.00665170839056 10 3 0 0 2 1 3.00000000000000
63 120.77685101401389 31.59011962782447 -0.93944662809372 0.00926166959107 10 3 0 0 2 1 3.00000000000000
64 120.77685417720816 31.59011602082046 -0.94395160675049 0.00766582600772 10 3 0 0 2 1 3.00000000000000
65 120.77685729969996 31.59011238616650 -0.94887459278107 0.00862590689212 10 3 0 0 2 1 3.00000000000000
66 120.77686060734453 31.59010852636299 -0.95396059751511 0.01017446350306 10 3 0 0 2 1 3.00000000000000
67 120.77686394590931 31.59010457735133 -0.95986759662628 0.01199276652187 10 3 0 0 2 1 3.00000000000000
68 120.77686717871674 31.59010062171205 -0.96665459871292 0.01266843639314 10 3 0 0 2 1 3.00000000000000
69 120.77687031393577 31.59009671900816 -0.97530162334442 0.01504301559180 10 3 0 0 2 1 3.00000000000000
70 120.77687328745027 31.59009284561325 -0.98578560352325 0.02480266429484 10 3 0 0 2 1 3.00000000000000
71 120.77687637203999 31.59008860635344 -0.99946963787079 0.02435058169067 10 3 0 0 2 1 3.00000000000000
72 120.77687920570962 31.59008442770119 -1.01705658435822 0.03565694764256 10 3 0 0 2 1 3.00000000000000
73 120.77688193223823 31.59008012844440 -1.03781759738922 0.04299398139119 10 3 0 0 2 1 3.00000000000000
74 120.77688430076785 31.59007593285012 -1.06239259243011 0.05405978113413 10 3 0 0 2 1 3.00000000000000
75 120.77688662563365 31.59007132452124 -1.09294056892395 0.05673586577177 10 3 0 0 2 1 3.00000000000000
76 120.77688853267458 31.59006709461609 -1.12266457080841 0.06016763299704 10 3 0 0 2 1 3.00000000000000
77 120.77689037289004 31.59006246238733 -1.15689957141876 0.06466387957335 10 3 0 0 2 1 3.00000000000000
78 120.77689189602060 31.59005799044457 -1.19155061244965 0.07030394673347 10 3 0 0 2 1 3.00000000000000
79 120.77689327955026 31.59005310784300 -1.23154366016388 0.07330963760614 10 3 0 0 2 1 3.00000000000000
80 120.77689436923175 31.59004840015656 -1.27091765403748 0.07711152732372 10 3 0 0 2 1 3.00000000000000
81 120.77689524957010 31.59004359202136 -1.31136763095856 0.07560376077890 10 3 0 0 2 1 3.00000000000000
82 120.77689583763605 31.59003900675026 -1.34970366954803 0.07753464579582 10 3 0 0 2 1 3.00000000000000
83 120.77689622151952 31.59003405439195 -1.39176261425018 0.08030845224857 10 3 0 0 2 1 3.00000000000000
84 120.77689635462569 31.59002938330793 -1.43324065208435 0.08115164935589 10 3 0 0 2 1 3.00000000000000
85 120.77689626949581 31.59002438072688 -1.47788357734680 0.08043143898249 10 3 0 0 2 1 3.00000000000000
86 120.77689590506944 31.59001938215253 -1.52280557155609 0.08343259245157 10 3 0 0 2 1 3.00000000000000
87 120.77689525868317 31.59001473679552 -1.56627166271210 0.08626300096512 10 3 0 0 2 1 3.00000000000000
88 120.77689432227437 31.59000986012833 -1.61293494701385 0.08877950906754 10 3 0 0 2 1 3.00000000000000
89 120.77689301256700 31.59000482297308 -1.66468596458435 0.09372422844172 10 3 0 0 2 1 3.00000000000000
90 120.77689144544074 31.59000023991287 -1.71514689922333 0.09774523973465 10 3 0 0 2 1 3.00000000000000
91 120.77688963511326 31.58999577991077 -1.76541495323181 0.10053145140409 10 3 0 0 2 1 3.00000000000000
92 120.77688741788015 31.58999113611673 -1.81977796554565 0.09964314103127 10 3 0 0 2 1 3.00000000000000
93 120.77688506224949 31.58998685793169 -1.87057495117188 0.09855799376965 10 3 0 0 2 1 3.00000000000000
94 120.77688245836708 31.58998267865291 -1.92148196697235 0.09693191945553 10 3 0 0 2 1 3.00000000000000
95 120.77687940063595 31.58997836865301 -1.97537887096405 0.09922000020742 10 3 0 0 2 1 3.00000000000000
96 120.77687627874234 31.58997442904796 -2.02568888664246 0.09472613781691 10 3 0 0 2 1 3.00000000000000
97 120.77687271658874 31.58997037808192 -2.07848501205444 0.09674928337336 10 3 0 0 2 1 3.00000000000000
98 120.77686919006420 31.58996667946337 -2.12726092338562 0.08992347866297 10 3 0 0 2 1 3.00000000000000
99 120.77686546252649 31.58996311297404 -2.17496585845947 0.09186456352472 10 3 0 0 2 1 3.00000000000000
100 120.77686130752191 31.58995946592255 -2.22335982322693 0.08462295681238 10 3 0 0 2 1 3.00000000000000
101 120.77685721884451 31.58995615644984 -2.26744103431702 0.08359201997519 10 3 0 0 2 1 3.00000000000000
102 120.77685299821151 31.58995292978512 -2.30874800682068 0.07426241785288 10 3 0 0 2 1 3.00000000000000
103 120.77684888386972 31.58995000832463 -2.34632682800293 0.07558861374855 10 3 0 0 2 1 3.00000000000000
104 120.77684435364851 31.58994697738837 -2.38431882858276 0.06821676343679 10 3 0 0 2 1 3.00000000000000
105 120.77683943571323 31.58994382673605 -2.42124700546265 0.06051999703050 10 3 0 0 2 1 3.00000000000000
106 120.77683474220534 31.58994098540841 -2.45393395423889 0.06102393567562 10 3 0 0 2 1 3.00000000000000
107 120.77683003258365 31.58993830033266 -2.48384594917297 0.05300884321332 10 3 0 0 2 1 3.00000000000000
108 120.77682503511272 31.58993555358880 -2.51204991340637 0.05006238445640 10 3 0 0 2 1 3.00000000000000
109 120.77682034808674 31.58993307153415 -2.53576087951660 0.04202060773969 10 3 0 0 2 1 3.00000000000000
110 120.77681571443753 31.58993062121677 -2.55444884300232 0.03177859261632 10 3 0 0 2 1 3.00000000000000
111 120.77681087368912 31.58992801760083 -2.56830501556396 0.02087043598294 10 3 0 0 2 1 3.00000000000000
112 120.77680639976968 31.58992558838447 -2.57693600654602 0.01548647601157 10 3 0 0 2 1 3.00000000000000
113 120.77680170148447 31.58992304512368 -2.58452486991882 0.01420468837023 10 3 0 0 2 1 3.00000000000000
114 120.77679674466498 31.58992041535125 -2.59223890304565 0.01361246034503 10 3 0 0 2 1 3.00000000000000
115 120.77682016975749 31.58986949873974 0.47802338004112 0.00425687851384 10 3 0 0 2 1 3.00000000000000
116 120.77682472233252 31.58987180808001 0.47826039791107 -0.00614746101201 10 3 0 0 2 1 3.00000000000000
117 120.77682943184223 31.58987421035948 0.48019137978554 -0.00514306267723 10 3 0 0 2 1 3.00000000000000
118 120.77683405831816 31.58987652021003 0.48246338963509 -0.00268604210578 10 3 0 0 2 1 3.00000000000000
119 120.77683884024671 31.58987890598315 0.48443639278412 -0.00499627832323 10 3 0 0 2 1 3.00000000000000
120 120.77684377986773 31.58988138446233 0.48706239461899 -0.00469492748380 10 3 0 0 2 1 3.00000000000000
121 120.77684853316697 31.58988378206789 0.48955339193344 -0.00608493853360 10 3 0 0 2 1 3.00000000000000
122 120.77685338350658 31.58988621869748 0.49197739362717 -0.00413034204394 10 3 0 0 2 1 3.00000000000000
123 120.77685819880531 31.58988868234676 0.49461138248444 -0.00627103960142 10 3 0 0 2 1 3.00000000000000
124 120.77686285447614 31.58989108090512 0.49701437354088 -0.00622387183830 10 3 0 0 2 1 3.00000000000000
125 120.77686790394455 31.58989365714584 0.49999037384987 -0.00426850747317 10 3 0 0 2 1 3.00000000000000
126 120.77687281101748 31.58989614519373 0.50201839208603 -0.00174629315734 10 3 0 0 2 1 3.00000000000000
127 120.77687781457517 31.58989871078112 0.50377941131592 -0.00089462974574 10 3 0 0 2 1 3.00000000000000
128 120.77688260256116 31.58990115519341 0.50360137224197 0.00118896609638 10 3 0 0 2 1 3.00000000000000
129 120.77688717376003 31.58990342393119 0.50180441141129 0.00651873182505 10 3 0 0 2 1 3.00000000000000
130 120.77689203894447 31.58990581145022 0.49830338358879 0.01088702585548 10 3 0 0 2 1 3.00000000000000
131 120.77689721803114 31.58990823166753 0.49005839228630 0.01965364627540 10 3 0 0 2 1 3.00000000000000
132 120.77690245099170 31.58991049970900 0.47621938586235 0.03053505159914 10 3 0 0 2 1 3.00000000000000
133 120.77690744848425 31.58991248619364 0.45964539051056 0.03539972379804 10 3 0 0 2 1 3.00000000000000
134 120.77691277808782 31.58991444578112 0.43702438473701 0.04985247924924 10 3 0 0 2 1 3.00000000000000
135 120.77691784215693 31.58991607482298 0.41176837682724 0.05336147174239 10 3 0 0 2 1 3.00000000000000
136 120.77692327588272 31.58991758652258 0.38102939724922 0.05855486169457 10 3 0 0 2 1 3.00000000000000
137 120.77692848547093 31.58991880003805 0.34868440032005 0.07041287422180 10 3 0 0 2 1 3.00000000000000
138 120.77693410185728 31.58991981985469 0.31008037924767 0.07064876705408 10 3 0 0 2 1 3.00000000000000
139 120.77693979972626 31.58992061235449 0.26901438832283 0.07938332110643 10 3 0 0 2 1 3.00000000000000
140 120.77694523754832 31.58992114964499 0.22852538526058 0.08034601062536 10 3 0 0 2 1 3.00000000000000
141 120.77695104703049 31.58992149811646 0.18391038477421 0.08252000063658 10 3 0 0 2 1 3.00000000000000
142 120.77695656437405 31.58992159593113 0.14009939134121 0.08589853346348 10 3 0 0 2 1 3.00000000000000
143 120.77696243171862 31.58992142531612 0.09163139015436 0.09097191691399 10 3 0 0 2 1 3.00000000000000
144 120.77696827976841 31.58992094234632 0.03879438713193 0.09536033123732 10 3 0 0 2 1 3.00000000000000
145 120.77697380553263 31.58992023145463 -0.01148061174899 0.10083302855492 10 3 0 0 2 1 3.00000000000000
146 120.77697899436062 31.58991931386611 -0.06072461232543 0.09903574734926 10 3 0 0 2 1 3.00000000000000
147 120.77698446723797 31.58991811009319 -0.11321160942316 0.09927596896887 10 3 0 0 2 1 3.00000000000000
148 120.77698956193245 31.58991675560657 -0.16309660673141 0.09888408333063 10 3 0 0 2 1 3.00000000000000
149 120.77699455005859 31.58991516851942 -0.21348761022091 0.10340797901154 10 3 0 0 2 1 3.00000000000000
150 120.77699970654764 31.58991324066776 -0.26703962683678 0.10338776558638 10 3 0 0 2 1 3.00000000000000
151 120.77700443182927 31.58991123803550 -0.31702360510826 0.10132744908333 10 3 0 0 2 1 3.00000000000000
152 120.77700984371904 31.58990862961166 -0.37640061974525 0.10075969249010 10 3 0 0 2 1 3.00000000000000
153 120.77701476976154 31.58990593444979 -0.43247160315514 0.10119459778070 10 3 0 0 2 1 3.00000000000000
154 120.77701947744924 31.58990301756164 -0.48795962333679 0.10301010310650 10 3 0 0 2 1 3.00000000000000
155 120.77702372675941 31.58990006883925 -0.54005259275436 0.10500048100948 10 3 0 0 2 1 3.00000000000000
156 120.77702799313276 31.58989676743923 -0.59493958950043 0.10382881760597 10 3 0 0 2 1 3.00000000000000
157 120.77703179981235 31.58989349590334 -0.64668661355972 0.10159946978092 10 3 0 0 2 1 3.00000000000000
158 120.77703559857811 31.58988986811790 -0.70107764005661 0.10083868354559 10 3 0 0 2 1 3.00000000000000
159 120.77703919524268 31.58988610166361 -0.75401163101196 0.09744028002024 10 3 0 0 2 1 3.00000000000000
160 120.77704240297253 31.58988242946148 -0.80102360248566 0.09034201502800 10 3 0 0 2 1 3.00000000000000
161 120.77704568595975 31.58987847605440 -0.84535360336304 0.07853535562754 10 3 0 0 2 1 3.00000000000000
162 120.77704876087540 31.58987471680637 -0.87968361377716 0.06170780584216 10 3 0 0 2 1 3.00000000000000
163 120.77705203681874 31.58987070150843 -0.90860164165497 0.04809015616775 10 3 0 0 2 1 3.00000000000000
164 120.77705539382431 31.58986668011262 -0.92912763357162 0.03318209201097 10 3 0 0 2 1 3.00000000000000
165 120.77705861775354 31.58986286077229 -0.94319063425064 0.02298826165497 10 3 0 0 2 1 3.00000000000000
166 120.77706202174289 31.58985875720538 -0.95609861612320 0.02175615914166 10 3 0 0 2 1 3.00000000000000
167 120.77706540075110 31.58985460061673 -0.96762061119080 0.01846840791404 10 3 0 0 2 1 3.00000000000000
168 120.77706855729345 31.58985066149979 -0.97737163305283 0.01839835196733 10 3 0 0 2 1 3.00000000000000
169 120.77707183730058 31.58984648932723 -0.98628962039948 0.01505933050066 10 3 0 0 2 1 3.00000000000000
170 120.77707488825261 31.58984255802856 -0.99348062276840 0.01472193095833 10 3 0 0 2 1 3.00000000000000
171 120.77707808784766 31.58983840635626 -1.00017964839935 0.01064183004200 10 3 0 0 2 1 3.00000000000000
172 120.77714965667516 31.58984268401294 2.10487246513367 -0.00007973252650 10 3 0 0 2 1 3.00000000000000
173 120.77714685869734 31.58984650419061 2.10474538803101 0.00025737303076 10 3 0 0 2 1 3.00000000000000
174 120.77714386845491 31.58985038914717 2.10513544082642 -0.00282292370684 10 3 0 0 2 1 3.00000000000000
175 120.77714085201903 31.58985425923929 2.10527348518372 -0.00286914082244 10 3 0 0 2 1 3.00000000000000
176 120.77713776955711 31.58985818426789 2.10639834403992 -0.00558568537235 10 3 0 0 2 1 3.00000000000000
177 120.77713480124231 31.58986194849014 2.10789036750793 -0.00709280697629 10 3 0 0 2 1 3.00000000000000
178 120.77713187910805 31.58986570571387 2.10931444168091 -0.00869640149176 10 3 0 0 2 1 3.00000000000000
179 120.77712878540068 31.58986964934693 2.11060047149658 -0.00296866567805 10 3 0 0 2 1 3.00000000000000
180 120.77712556719301 31.58987378226419 2.11184644699097 -0.00152391311713 10 3 0 0 2 1 3.00000000000000
181 120.77712263047289 31.58987755259829 2.11301541328430 -0.00036276190076 10 3 0 0 2 1 3.00000000000000
182 120.77711943177755 31.58988169101006 2.11395645141602 0.00194620480761 10 3 0 0 2 1 3.00000000000000
183 120.77711633443430 31.58988576973590 2.11383938789368 0.00144618214108 10 3 0 0 2 1 3.00000000000000
184 120.77711335239130 31.58988973359790 2.11273336410522 0.00679154787213 10 3 0 0 2 1 3.00000000000000
185 120.77711040294419 31.58989372720153 2.10975432395935 0.00841428339481 10 3 0 0 2 1 3.00000000000000
186 120.77710738763682 31.58989797062997 2.10395526885986 0.01282580103725 10 3 0 0 2 1 3.00000000000000
187 120.77710458399879 31.58990202437014 2.09569549560547 0.01966056786478 10 3 0 0 2 1 3.00000000000000
188 120.77710174639536 31.58990640824717 2.08194732666016 0.02915970236063 10 3 0 0 2 1 3.00000000000000
189 120.77709920553988 31.58991067293782 2.06435537338257 0.04022976756096 10 3 0 0 2 1 3.00000000000000
190 120.77709684726378 31.58991501415109 2.04197144508362 0.04771132022142 10 3 0 0 2 1 3.00000000000000
191 120.77709483359956 31.58991920543910 2.01605749130249 0.05618214979768 10 3 0 0 2 1 3.00000000000000
192 120.77709293043125 31.58992374437044 1.98468840122223 0.06515557318926 10 3 0 0 2 1 3.00000000000000
193 120.77709124707040 31.58992862345164 1.94566333293915 0.07211729884148 10 3 0 0 2 1 3.00000000000000
194 120.77708995645393 31.58993334758716 1.90469038486481 0.08237060159445 10 3 0 0 2 1 3.00000000000000
195 120.77708898898831 31.58993813021663 1.85958743095398 0.08855832368135 10 3 0 0 2 1 3.00000000000000
196 120.77708837500744 31.58994269746708 1.81450533866882 0.09174919128418 10 3 0 0 2 1 3.00000000000000
197 120.77708801710715 31.58994757486633 1.76512634754181 0.09430696815252 10 3 0 0 2 1 3.00000000000000
198 120.77708795689361 31.58995221592642 1.71698844432831 0.09759158641100 10 3 0 0 2 1 3.00000000000000
199 120.77708825867032 31.58995713704508 1.66369938850403 0.10228156298399 10 3 0 0 2 1 3.00000000000000
200 120.77708889809757 31.58996208332747 1.60871541500092 0.10315254330635 10 3 0 0 2 1 3.00000000000000
201 120.77708986524897 31.58996676927522 1.55406141281128 0.10825575888157 10 3 0 0 2 1 3.00000000000000
202 120.77709118482390 31.58997169637756 1.49671840667725 0.10519539564848 10 3 0 0 2 1 3.00000000000000
203 120.77709283337451 31.58997680829999 1.43577444553375 0.10429859906435 10 3 0 0 2 1 3.00000000000000
204 120.77709477272558 31.58998156538964 1.37822544574738 0.10367670655251 10 3 0 0 2 1 3.00000000000000
205 120.77709711345827 31.58998621752141 1.32142937183380 0.10454766452312 10 3 0 0 2 1 3.00000000000000
206 120.77709961285623 31.58999051586226 1.26625835895538 0.10719554871321 10 3 0 0 2 1 3.00000000000000
207 120.77710242043101 31.58999497729542 1.20941042900085 0.10023313760757 10 3 0 0 2 1 3.00000000000000
208 120.77710523337696 31.58999909489865 1.15858840942383 0.09419690817595 10 3 0 0 2 1 3.00000000000000
209 120.77710847480932 31.59000328313491 1.10647940635681 0.09651897102594 10 3 0 0 2 1 3.00000000000000
210 120.77711201789575 31.59000731436074 1.05418634414673 0.09529354423285 10 3 0 0 2 1 3.00000000000000
211 120.77711558388228 31.59001098532382 1.00606644153595 0.09295972436666 10 3 0 0 2 1 3.00000000000000
212 120.77711954446791 31.59001474936710 0.95469439029694 0.09319232404232 10 3 0 0 2 1 3.00000000000000
213 120.77712370244188 31.59001836129313 0.90373140573502 0.09360139071941 10 3 0 0 2 1 3.00000000000000
214 120.77712782687368 31.59002159504979 0.85641539096832 0.09000264853239 10 3 0 0 2 1 3.00000000000000
215 120.77713234039371 31.59002486718096 0.80860936641693 0.08592925965786 10 3 0 0 2 1 3.00000000000000
216 120.77713674568308 31.59002780088268 0.76523041725159 0.08437498658895 10 3 0 0 2 1 3.00000000000000
217 120.77714148317135 31.59003074193846 0.72277140617371 0.07075607031584 10 3 0 0 2 1 3.00000000000000
218 120.77714624834874 31.59003360719232 0.68656438589096 0.06153343245387 10 3 0 0 2 1 3.00000000000000
219 120.77715075709821 31.59003625677457 0.65838837623596 0.05281367897987 10 3 0 0 2 1 3.00000000000000
220 120.77715553731731 31.59003900202053 0.63275039196014 0.04727718606591 10 3 0 0 2 1 3.00000000000000
221 120.77716005865290 31.59004150396353 0.61028641462326 0.04342124238610 10 3 0 0 2 1 3.00000000000000
222 120.77716486717182 31.59004408226613 0.58924537897110 0.03767981380224 10 3 0 0 2 1 3.00000000000000
223 120.77716968024920 31.59004660558447 0.57164835929871 0.03223387524486 10 3 0 0 2 1 3.00000000000000
224 120.77717421370915 31.59004897412209 0.55810737609863 0.02546371892095 10 3 0 0 2 1 3.00000000000000
225 120.77715668368548 31.59010272452548 -2.63279080390930 -0.00616497546434 10 3 0 0 2 1 3.00000000000000
226 120.77715204217988 31.59010030858851 -2.62759900093079 -0.00624581379816 10 3 0 0 2 1 3.00000000000000
227 120.77714737927009 31.59009783619676 -2.62332892417908 -0.01017300784588 10 3 0 0 2 1 3.00000000000000
228 120.77714265156189 31.59009527553816 -2.61992788314819 -0.00443210173398 10 3 0 0 2 1 3.00000000000000
229 120.77713804112977 31.59009278433311 -2.61878299713135 -0.00357549637556 10 3 0 0 2 1 3.00000000000000
230 120.77713342362762 31.59009031606940 -2.61782598495483 -0.00463183689862 10 3 0 0 2 1 3.00000000000000
231 120.77712857266454 31.59008770559872 -2.61691999435425 -0.00476718321443 10 3 0 0 2 1 3.00000000000000
232 120.77712363637433 31.59008504540001 -2.61629199981689 -0.00121338653844 10 3 0 0 2 1 3.00000000000000
233 120.77711893246243 31.59008254514605 -2.61626291275024 0.00079171353718 10 3 0 0 2 1 3.00000000000000
234 120.77711429525282 31.59008012744935 -2.61722683906555 0.00359011930414 10 3 0 0 2 1 3.00000000000000
235 120.77710922750495 31.59007751339263 -2.61960482597351 0.00582162151113 10 3 0 0 2 1 3.00000000000000
236 120.77710431704047 31.59007504855723 -2.62431883811951 0.01090138778090 10 3 0 0 2 1 3.00000000000000
237 120.77709960157537 31.59007279391999 -2.63213682174683 0.01727037131786 10 3 0 0 2 1 3.00000000000000
238 120.77709478263429 31.59007063763068 -2.64406490325928 0.02537220343947 10 3 0 0 2 1 3.00000000000000
239 120.77708957355077 31.59006846035709 -2.66086292266846 0.03607370704412 10 3 0 0 2 1 3.00000000000000
240 120.77708457962585 31.59006653267042 -2.68050003051758 0.04122680798173 10 3 0 0 2 1 3.00000000000000
241 120.77707950329521 31.59006475165514 -2.70429992675781 0.04879267141223 10 3 0 0 2 1 3.00000000000000
242 120.77707401452524 31.59006302811714 -2.73269701004028 0.05356332659721 10 3 0 0 2 1 3.00000000000000
243 120.77706876462616 31.59006159836827 -2.76172280311584 0.05842963606119 10 3 0 0 2 1 3.00000000000000
244 120.77706312710426 31.59006026554981 -2.79589700698853 0.06659410148859 10 3 0 0 2 1 3.00000000000000
245 120.77705775609101 31.59005924316856 -2.83127284049988 0.07263188809156 10 3 0 0 2 1 3.00000000000000
246 120.77705234426747 31.59005841788790 -2.86974787712097 0.07603099942207 10 3 0 0 2 1 3.00000000000000
247 120.77704654372609 31.59005780315213 -2.91374301910400 0.08169195801020 10 3 0 0 2 1 3.00000000000000
248 120.77704105300717 31.59005749319924 -2.95659995079041 0.08578348159790 10 3 0 0 2 1 3.00000000000000
249 120.77703554732295 31.59005741053460 -3.00147485733032 0.09057525545359 10 3 0 0 2 1 3.00000000000000
250 120.77702970028052 31.59005761743570 -3.05197286605835 0.09396020323038 10 3 0 0 2 1 3.00000000000000
251 120.77702423597991 31.59005803526227 -3.10057497024536 0.09562804549932 10 3 0 0 2 1 3.00000000000000
252 120.77701846755063 31.59005876878155 3.13028144836426 0.09587156027555 10 3 0 0 2 1 3.00000000000000
253 120.77701308347791 31.59005966156823 3.08139443397522 0.09445650875568 10 3 0 0 2 1 3.00000000000000
254 120.77700774255355 31.59006078264111 3.03270149230957 0.09315448999405 10 3 0 0 2 1 3.00000000000000
255 120.77700215570518 31.59006222867381 2.98058342933655 0.09527830034494 10 3 0 0 2 1 3.00000000000000
256 120.77699696100687 31.59006381426989 2.93162250518799 0.09268681704998 10 3 0 0 2 1 3.00000000000000
257 120.77699154011893 31.59006571170614 2.87922143936157 0.09505621343851 10 3 0 0 2 1 3.00000000000000
258 120.77698654707781 31.59006771570786 2.83050227165222 0.09548167884350 10 3 0 0 2 1 3.00000000000000
259 120.77698166739798 31.59006991012048 2.78207945823669 0.09090084582567 10 3 0 0 2 1 3.00000000000000
260 120.77697663428027 31.59007244840729 2.73123049736023 0.09337238222361 10 3 0 0 2 1 3.00000000000000
261 120.77697204857365 31.59007503235965 2.68343138694763 0.09157691895962 10 3 0 0 2 1 3.00000000000000
262 120.77696733995788 31.59007795986240 2.63239741325378 0.09370731562376 10 3 0 0 2 1 3.00000000000000
263 120.77696306566047 31.59008090605241 2.58527731895447 0.09153018146753 10 3 0 0 2 1 3.00000000000000
264 120.77695894956152 31.59008398283603 2.53985929489136 0.08764664828777 10 3 0 0 2 1 3.00000000000000
265 120.77695474781019 31.59008740223772 2.49331045150757 0.08504209667444 10 3 0 0 2 1 3.00000000000000
266 120.77695093020242 31.59009070798162 2.45118546485901 0.08144246041775 10 3 0 0 2 1 3.00000000000000
267 120.77694706502372 31.59009435981720 2.40691232681274 0.07910824567080 10 3 0 0 2 1 3.00000000000000
268 120.77694358618920 31.59009792322012 2.36668634414673 0.07741682976484 10 3 0 0 2 1 3.00000000000000
269 120.77694024313494 31.59010158718957 2.32854032516479 0.07292398065329 10 3 0 0 2 1 3.00000000000000
270 120.77693678481552 31.59010555304911 2.29137849807739 0.06554120033979 10 3 0 0 2 1 3.00000000000000
271 120.77693364282680 31.59010935648272 2.25958132743835 0.05855744704604 10 3 0 0 2 1 3.00000000000000
272 120.77693034752618 31.59011345273882 2.23036932945251 0.04953123256564 10 3 0 0 2 1 3.00000000000000
273 120.77692724768184 31.59011731831197 2.20866727828979 0.03530989214778 10 3 0 0 2 1 3.00000000000000
274 120.77692410968835 31.59012115514404 2.19388937950134 0.02483459748328 10 3 0 0 2 1 3.00000000000000
275 120.77692076339717 31.59012521496470 2.18307733535767 0.01444561686367 10 3 0 0 2 1 3.00000000000000
276 120.77691759345190 31.59012900035854 2.17721343040466 0.00785809848458 10 3 0 0 2 1 3.00000000000000
277 120.77691423655180 31.59013300298174 2.17231941223145 0.01027353480458 10 3 0 0 2 1 3.00000000000000
278 120.77691113725534 31.59013677636976 2.16747331619263 0.00807176250964 10 3 0 0 2 1 3.00000000000000
279 120.77690807971244 31.59014055271981 2.16299843788147 0.00776290288195 10 3 0 0 2 1 3.00000000000000
280 120.77690488584254 31.59014453431170 2.15849232673645 0.01011141389608 10 3 0 0 2 1 3.00000000000000
281 120.77690191901335 31.59014828663708 2.15465545654297 0.00517388014123 10 3 0 0 2 1 3.00000000000000
282 120.77684813462817 31.59012197282190 -1.02538466453552 -0.03786081448197 10 3 0 0 2 1 3.00000000000000
283 120.77685111533667 31.59011821036255 -1.02462959289551 0.00357504701242 10 3 0 0 2 1 3.00000000000000
284 120.77685399360617 31.59011436969320 -1.02503859996796 -0.00125632341951 10 3 0 0 2 1 3.00000000000000
285 120.77685691583827 31.59011047793087 -1.02516067028046 -0.00398980081081 10 3 0 0 2 1 3.00000000000000
286 120.77685984397736 31.59010662404646 -1.02485859394073 -0.00089273555204 10 3 0 0 2 1 3.00000000000000
287 120.77686271443906 31.59010282266876 -1.02453958988190 -0.00048965826863 10 3 0 0 2 1 3.00000000000000
288 120.77686568146012 31.59009888308547 -1.02399456501007 -0.00293032522313 10 3 0 0 2 1 3.00000000000000
289 120.77686870782281 31.59009485853192 -1.02337265014648 -0.00469864066690 10 3 0 0 2 1 3.00000000000000
290 120.77687179208122 31.59009083059303 -1.02194857597351 -0.00418473919854 10 3 0 0 2 1 3.00000000000000
291 120.77687493670875 31.59008689007907 -1.01800262928009 -0.00755600631237 10 3 0 0 2 1 3.00000000000000
292 120.77687803362738 31.59008305903102 -1.01472759246826 -0.00808063428849 10 3 0 0 2 1 3.00000000000000
293 120.77688127018938 31.59007910134577 -1.00940763950348 -0.00936166848987 10 3 0 0 2 1 3.00000000000000
294 120.77688442688265 31.59007528991254 -1.00432956218719 -0.01144562475383 10 3 0 0 2 1 3.00000000000000
295 120.77688797187349 31.59007115668857 -0.99706858396530 -0.01109440438449 10 3 0 0 2 1 3.00000000000000
296 120.77689118021479 31.59006747510927 -0.99019062519073 -0.01467171311378 10 3 0 0 2 1 3.00000000000000
297 120.77689475577088 31.59006345994254 -0.98110461235046 -0.01662681438029 10 3 0 0 2 1 3.00000000000000
298 120.77689825902470 31.59005972985489 -0.97110360860825 -0.02075708471239 10 3 0 0 2 1 3.00000000000000
299 120.77690185376596 31.59005595775720 -0.95964759588242 -0.02284406125546 10 3 0 0 2 1 3.00000000000000
300 120.77690529266609 31.59005247102669 -0.94738662242889 -0.02547188103199 10 3 0 0 2 1 3.00000000000000
301 120.77690915731448 31.59004875524817 -0.93198662996292 -0.02987139672041 10 3 0 0 2 1 3.00000000000000
302 120.77691317290652 31.59004510999018 -0.91422563791275 -0.03370821103454 10 3 0 0 2 1 3.00000000000000
303 120.77691700211990 31.59004179947219 -0.89510661363602 -0.04022375494242 10 3 0 0 2 1 3.00000000000000
304 120.77692125502188 31.59003833933776 -0.87235158681870 -0.04176920652390 10 3 0 0 2 1 3.00000000000000
305 120.77692565107691 31.59003499464272 -0.84774458408356 -0.04587252810597 10 3 0 0 2 1 3.00000000000000
306 120.77692984014190 31.59003199697876 -0.82331264019012 -0.04960612207651 10 3 0 0 2 1 3.00000000000000
307 120.77693448339886 31.59002891255809 -0.79457163810730 -0.05372191220522 10 3 0 0 2 1 3.00000000000000
308 120.77693924590751 31.59002600065675 -0.76318663358688 -0.05939365178347 10 3 0 0 2 1 3.00000000000000
309 120.77694375208314 31.59002346855879 -0.73217660188675 -0.06207880005240 10 3 0 0 2 1 3.00000000000000
310 120.77694869458054 31.59002094283741 -0.69708162546158 -0.06676007062197 10 3 0 0 2 1 3.00000000000000
311 120.77695373390559 31.59001862831631 -0.65923362970352 -0.06974089890718 10 3 0 0 2 1 3.00000000000000
312 120.77695922843883 31.59001635758211 -0.61834263801575 -0.07430451363325 10 3 0 0 2 1 3.00000000000000
313 120.77696445188120 31.59001446248951 -0.57905262708664 -0.07353358715773 10 3 0 0 2 1 3.00000000000000
314 120.77696972657928 31.59001272438213 -0.54061460494995 -0.07209910452366 10 3 0 0 2 1 3.00000000000000
315 120.77697543877329 31.59001105238254 -0.49946960806847 -0.07325435429811 10 3 0 0 2 1 3.00000000000000
316 120.77698083694820 31.59000969202244 -0.46015959978104 -0.07383275032043 10 3 0 0 2 1 3.00000000000000
317 120.77698627927677 31.59000850244482 -0.42170560359955 -0.07204011082649 10 3 0 0 2 1 3.00000000000000
318 120.77699218633720 31.59000743128703 -0.37966161966324 -0.07426883280277 10 3 0 0 2 1 3.00000000000000
319 120.77699775057714 31.59000660073711 -0.34060260653496 -0.07352653890848 10 3 0 0 2 1 3.00000000000000
320 120.77700333504229 31.59000595598622 -0.30218160152435 -0.07079529017210 10 3 0 0 2 1 3.00000000000000
321 120.77700936276079 31.59000547445622 -0.26104262471199 -0.07043694704771 10 3 0 0 2 1 3.00000000000000
322 120.77701500713323 31.59000518669052 -0.22357361018658 -0.06953508406878 10 3 0 0 2 1 3.00000000000000
323 120.77702068008804 31.59000507086389 -0.18665361404419 -0.06740000844002 10 3 0 0 2 1 3.00000000000000
324 120.77702634795587 31.59000509713604 -0.15043860673904 -0.06710932403803 10 3 0 0 2 1 3.00000000000000
325 120.77703161887446 31.59000525419375 -0.11758561432362 -0.06417763233185 10 3 0 0 2 1 3.00000000000000
326 120.77703727967000 31.59000556747001 -0.08288060873747 -0.06363433599472 10 3 0 0 2 1 3.00000000000000
327 120.77704293718467 31.59000603531757 -0.04913161322474 -0.06055476516485 10 3 0 0 2 1 3.00000000000000
328 120.77704820097210 31.59000659851427 -0.01829061284661 -0.06116512790322 10 3 0 0 2 1 3.00000000000000
329 120.77705386166134 31.59000737632638 0.01571038737893 -0.06154864281416 10 3 0 0 2 1 3.00000000000000
330 120.77705953317935 31.59000829480281 0.04858338832855 -0.05765715986490 10 3 0 0 2 1 3.00000000000000
331 120.77706478114106 31.59000926000659 0.07845738530159 -0.05768650025129 10 3 0 0 2 1 3.00000000000000
332 120.77707043435407 31.59001043592399 0.11008738726377 -0.05531813204288 10 3 0 0 2 1 3.00000000000000
333 120.77707605820406 31.59001176019261 0.14086139202118 -0.05326738581061 10 3 0 0 2 1 3.00000000000000
334 120.77708126963527 31.59001312193522 0.16911138594151 -0.05488400906324 10 3 0 0 2 1 3.00000000000000
335 120.77708685650252 31.59001472025772 0.19832639396191 -0.04994880408049 10 3 0 0 2 1 3.00000000000000
336 120.77709244600898 31.59001641095283 0.22537738084793 -0.04432310909033 10 3 0 0 2 1 3.00000000000000
337 120.77709764611184 31.59001805147786 0.24830438196659 -0.04113675281405 10 3 0 0 2 1 3.00000000000000
338 120.77710322277454 31.59001991544829 0.27212637662888 -0.04005740582943 10 3 0 0 2 1 3.00000000000000
339 120.77710878747709 31.59002190694654 0.29517039656639 -0.03958436474204 10 3 0 0 2 1 3.00000000000000
340 120.77711393214263 31.59002385211238 0.31711938977242 -0.04056227207184 10 3 0 0 2 1 3.00000000000000
341 120.77711945934210 31.59002604709436 0.33949238061905 -0.03781048953533 10 3 0 0 2 1 3.00000000000000
342 120.77712494171543 31.59002833460251 0.36078739166260 -0.03603485599160 10 3 0 0 2 1 3.00000000000000
343 120.77713077709035 31.59003085837234 0.38180038332939 -0.03183290734887 10 3 0 0 2 1 3.00000000000000
344 120.77713617539636 31.59003329034056 0.40002438426018 -0.02960003912449 10 3 0 0 2 1 3.00000000000000
345 120.77714149240448 31.59003575577095 0.41582238674164 -0.02370129711926 10 3 0 0 2 1 3.00000000000000
346 120.77714636646843 31.59003800449724 0.42690938711166 -0.01815975457430 10 3 0 0 2 1 3.00000000000000
347 120.77715158756672 31.59004038047498 0.43577638268471 -0.01307754963636 10 3 0 0 2 1 3.00000000000000
348 120.77715673170620 31.59004270979997 0.44214338064194 -0.01004011835903 10 3 0 0 2 1 3.00000000000000
349 120.77716215376776 31.59004521027092 0.44853639602661 -0.00866208691150 10 3 0 0 2 1 3.00000000000000
350 120.77717194451081 31.59011327581806 -2.69272494316101 -0.02627588994801 10 3 0 0 2 1 3.00000000000000
351 120.77716719520423 31.59011084258014 -2.67926692962646 -0.02664815261960 10 3 0 0 2 1 3.00000000000000
352 120.77716249775953 31.59010834522339 -2.66788792610168 -0.02005901187658 10 3 0 0 2 1 3.00000000000000
353 120.77715791377869 31.59010594594393 -2.66035294532776 -0.01392256841063 10 3 0 0 2 1 3.00000000000000
354 120.77715303411345 31.59010343585636 -2.65409493446350 -0.01232336647809 10 3 0 0 2 1 3.00000000000000
355 120.77714842832478 31.59010103016247 -2.64805984497070 -0.01221491117030 10 3 0 0 2 1 3.00000000000000
356 120.77714351518708 31.59009843087339 -2.64203000068665 -0.01092594023794 10 3 0 0 2 1 3.00000000000000
357 120.77713890848464 31.59009597303498 -2.63554191589355 -0.01350228954107 10 3 0 0 2 1 3.00000000000000
358 120.77713427010661 31.59009343445442 -2.62788987159729 -0.01815115101635 10 3 0 0 2 1 3.00000000000000
359 120.77712972320811 31.59009084539064 -2.61906790733337 -0.01759460754693 10 3 0 0 2 1 3.00000000000000
360 120.77712500376805 31.59008805229497 -2.60815882682800 -0.02369313687086 10 3 0 0 2 1 3.00000000000000
361 120.77712046376888 31.59008524781140 -2.59602189064026 -0.02464507333934 10 3 0 0 2 1 3.00000000000000
362 120.77711614482773 31.59008247438892 -2.58280491828918 -0.02513358183205 10 3 0 0 2 1 3.00000000000000
363 120.77711143735451 31.59007935253614 -2.56748700141907 -0.02747483365238 10 3 0 0 2 1 3.00000000000000
364 120.77710700028386 31.59007625563551 -2.55175399780273 -0.02949802763760 10 3 0 0 2 1 3.00000000000000
365 120.77710255216135 31.59007299636559 -2.53449082374573 -0.03209238871932 10 3 0 0 2 1 3.00000000000000
366 120.77709775536795 31.59006932493225 -2.51420593261719 -0.03468168526888 10 3 0 0 2 1 3.00000000000000
367 120.77709329041843 31.59006573961535 -2.49323391914368 -0.03740379959345 10 3 0 0 2 1 3.00000000000000
368 120.77708949148843 31.59006255472596 -2.47391200065613 -0.03910290449858 10 3 0 0 2 1 3.00000000000000
369 120.77708574265776 31.59005925784767 -2.45270895957947 -0.04402976855636 10 3 0 0 2 1 3.00000000000000
370 120.77708176997230 31.59005550802067 -2.42802500724792 -0.04645867645741 10 3 0 0 2 1 3.00000000000000
371 120.77707820897241 31.59005190952249 -2.40272402763367 -0.04831618443131 10 3 0 0 2 1 3.00000000000000
372 120.77707475826519 31.59004818746490 -2.37647485733032 -0.05003447458148 10 3 0 0 2 1 3.00000000000000
373 120.77707116204608 31.59004404127552 -2.34679889678955 -0.05314295738935 10 3 0 0 2 1 3.00000000000000
374 120.77706796413995 31.59004011511926 -2.31869888305664 -0.05187747254968 10 3 0 0 2 1 3.00000000000000
375 120.77706485185637 31.59003611849388 -2.29100394248962 -0.05140423402190 10 3 0 0 2 1 3.00000000000000
376 120.77706161117482 31.59003171867725 -2.26104497909546 -0.05209733545780 10 3 0 0 2 1 3.00000000000000
377 120.77705878243447 31.59002756766975 -2.23347401618958 -0.05241325870156 10 3 0 0 2 1 3.00000000000000
378 120.77705611083657 31.59002335093573 -2.20584392547607 -0.05543249472976 10 3 0 0 2 1 3.00000000000000
379 120.77705335488481 31.59001872237797 -2.17509484291077 -0.05117709562182 10 3 0 0 2 1 3.00000000000000
380 120.77705093224598 31.59001440065625 -2.14742183685303 -0.05034571513534 10 3 0 0 2 1 3.00000000000000
381 120.77704867165150 31.59001001568427 -2.12009501457214 -0.05155380070210 10 3 0 0 2 1 3.00000000000000
382 120.77704638430245 31.59000519169070 -2.08990192413330 -0.05262961611152 10 3 0 0 2 1 3.00000000000000
383 120.77704439559231 31.59000069432567 -2.06213092803955 -0.05097742006183 10 3 0 0 2 1 3.00000000000000
384 120.77704255250448 31.58999614935018 -2.03416180610657 -0.05257263034582 10 3 0 0 2 1 3.00000000000000
385 120.77704087147137 31.58999155474137 -2.00643801689148 -0.05259229987860 10 3 0 0 2 1 3.00000000000000
386 120.77703921543132 31.58998652212368 -1.97580695152283 -0.05479259788990 10 3 0 0 2 1 3.00000000000000
387 120.77703784175274 31.58998182933377 -1.94648790359497 -0.05440575629473 10 3 0 0 2 1 3.00000000000000
388 120.77703661050622 31.58997710621569 -1.91837990283966 -0.05196644365788 10 3 0 0 2 1 3.00000000000000
389 120.77703554829149 31.58997234097501 -1.88988196849823 -0.05529266223311 10 3 0 0 2 1 3.00000000000000
390 120.77703462305323 31.58996714157081 -1.85828387737274 -0.05445365235209 10 3 0 0 2 1 3.00000000000000
391 120.77703393559874 31.58996229764285 -1.82918596267700 -0.05391782894731 10 3 0 0 2 1 3.00000000000000
392 120.77703337093469 31.58995743367060 -1.80011296272278 -0.05284862965345 10 3 0 0 2 1 3.00000000000000
393 120.77703291565145 31.58995214187379 -1.76874494552612 -0.05285041034222 10 3 0 0 2 1 3.00000000000000
394 120.77703267879046 31.58994724222521 -1.74063789844513 -0.05098094046116 10 3 0 0 2 1 3.00000000000000
395 120.77703261718956 31.58994233544841 -1.71298491954803 -0.05105572938919 10 3 0 0 2 1 3.00000000000000
396 120.77703270842578 31.58993748193461 -1.68431794643402 -0.05303075909615 10 3 0 0 2 1 3.00000000000000
397 120.77703295933613 31.58993230053717 -1.65326893329620 -0.05182297527790 10 3 0 0 2 1 3.00000000000000
398 120.77703333037513 31.58992760095505 -1.62567186355591 -0.05294986441731 10 3 0 0 2 1 3.00000000000000
399 120.77703388571385 31.58992297342890 -1.59799087047577 -0.05410153046250 10 3 0 0 2 1 3.00000000000000
400 120.77703466146131 31.58991806031383 -1.56811261177063 -0.05541051179171 10 3 0 0 2 1 3.00000000000000
401 120.77703550073277 31.58991359591523 -1.54065465927124 -0.05407975241542 10 3 0 0 2 1 3.00000000000000
402 120.77703665751244 31.58990847037081 -1.50846064090729 -0.05272691324353 10 3 0 0 2 1 3.00000000000000
403 120.77703801919074 31.58990340397277 -1.47705864906311 -0.05428942665458 10 3 0 0 2 1 3.00000000000000
404 120.77703946317030 31.58989871481464 -1.44719660282135 -0.05625349655747 10 3 0 0 2 1 3.00000000000000
405 120.77704118944740 31.58989369469522 -1.41469764709473 -0.05504355579615 10 3 0 0 2 1 3.00000000000000
406 120.77704309581516 31.58988869664531 -1.38286757469177 -0.05600005760789 10 3 0 0 2 1 3.00000000000000
407 120.77704506711237 31.58988407914324 -1.35260462760925 -0.05514698103070 10 3 0 0 2 1 3.00000000000000
408 120.77704702947179 31.58987985631470 -1.32482266426086 -0.05293373018503 10 3 0 0 2 1 3.00000000000000
409 120.77704913326976 31.58987566824456 -1.29665863513947 -0.05488565936685 10 3 0 0 2 1 3.00000000000000
410 120.77705137389815 31.58987151417303 -1.26826560497284 -0.05592381954193 10 3 0 0 2 1 3.00000000000000
411 120.77705396345675 31.58986705025551 -1.23759067058563 -0.05499914288521 10 3 0 0 2 1 3.00000000000000
412 120.77705649746942 31.58986299155232 -1.20926356315613 -0.05447913333774 10 3 0 0 2 1 3.00000000000000
413 120.77705917737600 31.58985899438108 -1.18094658851624 -0.05473919957876 10 3 0 0 2 1 3.00000000000000
414 120.77706222614925 31.58985474053936 -1.14996862411499 -0.05621900781989 10 3 0 0 2 1 3.00000000000000
415 120.77706516966437 31.58985087485108 -1.12123060226440 -0.05639294162393 10 3 0 0 2 1 3.00000000000000
416 120.77706820621761 31.58984707726952 -1.09400558471680 -0.05310652032495 10 3 0 0 2 1 3.00000000000000
417 120.77707133444272 31.58984334637589 -1.06809663772583 -0.04971111938357 10 3 0 0 2 1 3.00000000000000
418 120.77707477488974 31.58983934956421 -1.04436063766479 -0.03848319500685 10 3 0 0 2 1 3.00000000000000
419 120.77707791846763 31.58983568702995 -1.02806162834167 -0.02692787162960 10 3 0 0 2 1 3.00000000000000
420 120.77708149097961 31.58983143927708 -1.01535356044769 -0.01616939529777 10 3 0 0 2 1 3.00000000000000
421 120.77715632238187 31.58983228546005 2.13894033432007 0.00261932471767 10 3 0 0 2 1 3.00000000000000
422 120.77715322675105 31.58983615454017 2.13833928108215 0.00336891389452 10 3 0 0 2 1 3.00000000000000
423 120.77715001813851 31.58984016422195 2.13677430152893 0.00147734675556 10 3 0 0 2 1 3.00000000000000
424 120.77714694190946 31.58984402839302 2.13583350181580 0.00381325208582 10 3 0 0 2 1 3.00000000000000
425 120.77714387511844 31.58984789758279 2.13538742065430 0.00098708504811 10 3 0 0 2 1 3.00000000000000
426 120.77714076703965 31.58985183042884 2.13472843170166 0.00014350746642 10 3 0 0 2 1 3.00000000000000
427 120.77713758939157 31.58985585389917 2.13503026962280 0.00097698497120 10 3 0 0 2 1 3.00000000000000
428 120.77713435031060 31.58985992667276 2.13507032394409 -0.00142735172994 10 3 0 0 2 1 3.00000000000000
429 120.77713130472696 31.58986375709989 2.13535928726196 0.00138180027716 10 3 0 0 2 1 3.00000000000000
430 120.77712832158015 31.58986752412747 2.13582849502563 -0.00341996969655 10 3 0 0 2 1 3.00000000000000
431 120.77712498910198 31.58987168108388 2.13710045814514 -0.00205420679413 10 3 0 0 2 1 3.00000000000000
432 120.77712200483856 31.58987541217115 2.13791036605835 -0.00039470568299 10 3 0 0 2 1 3.00000000000000
433 120.77711871924981 31.58987951171867 2.13917446136475 -0.00189555203542 10 3 0 0 2 1 3.00000000000000
434 120.77711557070316 31.58988340912395 2.14060735702515 -0.00334771978669 10 3 0 0 2 1 3.00000000000000
435 120.77711235327517 31.58988733577198 2.14257550239563 -0.00363977532834 10 3 0 0 2 1 3.00000000000000
436 120.77710883669286 31.58989157623651 2.14556336402893 -0.00785274710506 10 3 0 0 2 1 3.00000000000000
437 120.77710549403457 31.58989555841750 2.14996838569641 -0.00916301738471 10 3 0 0 2 1 3.00000000000000
438 120.77710203303268 31.58989953421296 2.15502238273621 -0.01076351478696 10 3 0 0 2 1 3.00000000000000
439 120.77709877591577 31.58990325908342 2.16134834289551 -0.01358841732144 10 3 0 0 2 1 3.00000000000000
440 120.77709515333464 31.58990725012986 2.17006349563599 -0.01757095195353 10 3 0 0 2 1 3.00000000000000
441 120.77709143697236 31.58991120980654 2.17952036857605 -0.01617894694209 10 3 0 0 2 1 3.00000000000000
442 120.77708792574686 31.58991488091983 2.18955731391907 -0.02026430703700 10 3 0 0 2 1 3.00000000000000
443 120.77708404544093 31.58991880854048 2.20242547988892 -0.02533536963165 10 3 0 0 2 1 3.00000000000000
444 120.77708005069333 31.58992267857964 2.21664547920227 -0.02569945901632 10 3 0 0 2 1 3.00000000000000
445 120.77707624027444 31.58992620026067 2.23182249069214 -0.03054372034967 10 3 0 0 2 1 3.00000000000000
446 120.77707196815209 31.58992993153170 2.25165939331055 -0.03555681928992 10 3 0 0 2 1 3.00000000000000
447 120.77706816267535 31.58993307922618 2.27058434486389 -0.04002355784178 10 3 0 0 2 1 3.00000000000000
448 120.77706392282207 31.58993641056234 2.29321336746216 -0.04521492868662 10 3 0 0 2 1 3.00000000000000
449 120.77705986459453 31.58993938943614 2.31735730171204 -0.04731995239854 10 3 0 0 2 1 3.00000000000000
450 120.77705566161585 31.58994223283729 2.34374547004700 -0.05468221008778 10 3 0 0 2 1 3.00000000000000
451 120.77705131640781 31.58994497507627 2.37211441993713 -0.05776286497712 10 3 0 0 2 1 3.00000000000000
452 120.77704642757310 31.58994775780245 2.40711832046509 -0.06952283531427 10 3 0 0 2 1 3.00000000000000
453 120.77704176516505 31.58995016654675 2.44299650192261 -0.06982443481684 10 3 0 0 2 1 3.00000000000000
454 120.77703697227881 31.58995242532137 2.47950530052185 -0.07310017198324 10 3 0 0 2 1 3.00000000000000
455 120.77703162573887 31.58995465723438 2.52214145660400 -0.07703290879726 10 3 0 0 2 1 3.00000000000000
456 120.77702658078626 31.58995653786462 2.56021428108215 -0.07292044162750 10 3 0 0 2 1 3.00000000000000
457 120.77702143517195 31.58995825862502 2.59824132919312 -0.07537792623043 10 3 0 0 2 1 3.00000000000000
458 120.77701577809493 31.58995999340300 2.64009046554565 -0.07437493652105 10 3 0 0 2 1 3.00000000000000
459 120.77701048196693 31.58996144744093 2.67744135856628 -0.06959480047226 10 3 0 0 2 1 3.00000000000000
460 120.77700509814943 31.58996271773118 2.71358537673950 -0.07100620865822 10 3 0 0 2 1 3.00000000000000
461 120.77699963588036 31.58996381014599 2.75119233131409 -0.07191402465105 10 3 0 0 2 1 3.00000000000000
462 120.77699364077490 31.58996482103255 2.79279232025146 -0.07176156342030 10 3 0 0 2 1 3.00000000000000
463 120.77698804734966 31.58996559091812 2.83046340942383 -0.07055202126503 10 3 0 0 2 1 3.00000000000000
464 120.77698239303623 31.58996618362255 2.86793541908264 -0.06941284984350 10 3 0 0 2 1 3.00000000000000
465 120.77697621696905 31.58996663853123 2.90776228904724 -0.06706710159779 10 3 0 0 2 1 3.00000000000000
466 120.77697048557177 31.58996688968389 2.94338846206665 -0.06339455395937 10 3 0 0 2 1 3.00000000000000
467 120.77696472938179 31.58996700388895 2.97770833969116 -0.06283847242594 10 3 0 0 2 1 3.00000000000000
468 120.77695894485261 31.58996700456300 3.01087141036987 -0.05901620164514 10 3 0 0 2 1 3.00000000000000
469 120.77695363213778 31.58996688364621 3.04012441635132 -0.05568384379148 10 3 0 0 2 1 3.00000000000000
470 120.77694782623018 31.58996662774380 3.07051539421082 -0.05477659404278 10 3 0 0 2 1 3.00000000000000
471 120.77694201509759 31.58996624606193 3.10021948814392 -0.05435136705637 10 3 0 0 2 1 3.00000000000000
472 120.77693571025166 31.58996569889955 3.13129734992981 -0.05043845996261 10 3 0 0 2 1 3.00000000000000
473 120.77692988296727 31.58996505415397 -3.12368392944336 -0.04958687722683 10 3 0 0 2 1 3.00000000000000
474 120.77692405978559 31.58996427722446 -3.09591889381409 -0.04826248437166 10 3 0 0 2 1 3.00000000000000
475 120.77691824478109 31.58996336380338 -3.06854081153870 -0.04853312671185 10 3 0 0 2 1 3.00000000000000
476 120.77691292363151 31.58996240710737 -3.04299902915955 -0.04870799928904 10 3 0 0 2 1 3.00000000000000
477 120.77690712569942 31.58996124114902 -3.01542091369629 -0.04908331856132 10 3 0 0 2 1 3.00000000000000
478 120.77690134195647 31.58995992828629 -2.98872590065002 -0.04671716690063 10 3 0 0 2 1 3.00000000000000
479 120.77689556766099 31.58995849350264 -2.96349382400513 -0.04235262051225 10 3 0 0 2 1 3.00000000000000
480 120.77689027533549 31.58995712944697 -2.94283390045166 -0.03829126060009 10 3 0 0 2 1 3.00000000000000
481 120.77688449516577 31.58995557138606 -2.92244291305542 -0.03489971160889 10 3 0 0 2 1 3.00000000000000
482 120.77687872359297 31.58995392349158 -2.90294790267944 -0.03330592438579 10 3 0 0 2 1 3.00000000000000
483 120.77687296736610 31.58995220040379 -2.88419103622437 -0.03333694860339 10 3 0 0 2 1 3.00000000000000
484 120.77686770093916 31.58995053607994 -2.86781191825867 -0.02926241233945 10 3 0 0 2 1 3.00000000000000
485 120.77686197547467 31.58994865435462 -2.85102200508118 -0.02851074375212 10 3 0 0 2 1 3.00000000000000
486 120.77685626987297 31.58994669382244 -2.83365702629089 -0.03068579360843 10 3 0 0 2 1 3.00000000000000
487 120.77685061273701 31.58994463642074 -2.81580185890198 -0.03029124066234 10 3 0 0 2 1 3.00000000000000
488 120.77684550648847 31.58994268587890 -2.79988503456116 -0.02972755581141 10 3 0 0 2 1 3.00000000000000
489 120.77684003137445 31.58994051241045 -2.78247189521790 -0.03107453137636 10 3 0 0 2 1 3.00000000000000
490 120.77683466918849 31.58993827627063 -2.76546001434326 -0.02900584042072 10 3 0 0 2 1 3.00000000000000
491 120.77682897669293 31.58993577820801 -2.74745297431946 -0.03066212870181 10 3 0 0 2 1 3.00000000000000
492 120.77682382706520 31.58993342694778 -2.73098087310791 -0.02903832867742 10 3 0 0 2 1 3.00000000000000
493 120.77681876939707 31.58993106225958 -2.71674180030823 -0.02330924011767 10 3 0 0 2 1 3.00000000000000
494 120.77681377776103 31.58992871017582 -2.70555686950684 -0.01944022625685 10 3 0 0 2 1 3.00000000000000
495 120.77680844106619 31.58992618907527 -2.69603896141052 -0.01549799367785 10 3 0 0 2 1 3.00000000000000
496 120.77680359389295 31.58992387599377 -2.68895602226257 -0.01255729887635 10 3 0 0 2 1 3.00000000000000
497 120.77679880501502 31.58992159124925 -2.68289303779602 -0.01229882892221 10 3 0 0 2 1 3.00000000000000
498 120.77682227493440 31.58987123135368 0.50856339931488 -0.00803974736482 10 3 0 0 2 1 3.00000000000000
499 120.77682686821902 31.58987364907686 0.50991338491440 -0.00457632774487 10 3 0 0 2 1 3.00000000000000
500 120.77683158348233 31.58987613243257 0.51139736175537 -0.00412538787350 10 3 0 0 2 1 3.00000000000000
501 120.77683614959665 31.58987851490638 0.51257038116455 -0.00153384031728 10 3 0 0 2 1 3.00000000000000
502 120.77684103087273 31.58988107867187 0.51426535844803 -0.00471334718168 10 3 0 0 2 1 3.00000000000000
503 120.77684555392121 31.58988344352822 0.51585936546326 -0.00389291136526 10 3 0 0 2 1 3.00000000000000
504 120.77685030184921 31.58988596996478 0.51795840263367 -0.00246331770904 10 3 0 0 2 1 3.00000000000000
505 120.77685521882184 31.58988857199002 0.52027237415314 -0.00424277829006 10 3 0 0 2 1 3.00000000000000
506 120.77686020423576 31.58989123491709 0.52284336090088 -0.00372959114611 10 3 0 0 2 1 3.00000000000000
507 120.77686517217350 31.58989389457145 0.52584940195084 -0.00716727878898 10 3 0 0 2 1 3.00000000000000
508 120.77687004087369 31.58989654062750 0.52973335981369 -0.00887796003371 10 3 0 0 2 1 3.00000000000000
509 120.77687501695192 31.58989934534952 0.53701835870743 -0.01342167612165 10 3 0 0 2 1 3.00000000000000
510 120.77687977395918 31.58990214057415 0.54596436023712 -0.01939371787012 10 3 0 0 2 1 3.00000000000000
511 120.77688424162758 31.58990490648436 0.55737036466599 -0.02371236681938 10 3 0 0 2 1 3.00000000000000
512 120.77688870822656 31.58990777765043 0.57178139686584 -0.03073338046670 10 3 0 0 2 1 3.00000000000000
513 120.77689285073595 31.58991059026241 0.58801841735840 -0.03499628603458 10 3 0 0 2 1 3.00000000000000
514 120.77689723122863 31.58991380319646 0.60880738496780 -0.04029656946659 10 3 0 0 2 1 3.00000000000000
515 120.77690155215294 31.58991715780618 0.63249838352203 -0.04581703618169 10 3 0 0 2 1 3.00000000000000
516 120.77690579368330 31.58992066874408 0.65909940004349 -0.04904249683022 10 3 0 0 2 1 3.00000000000000
517 120.77690959924075 31.58992409518804 0.68635737895966 -0.05391863361001 10 3 0 0 2 1 3.00000000000000
518 120.77691352943552 31.58992796294113 0.71848839521408 -0.06125777587295 10 3 0 0 2 1 3.00000000000000
519 120.77691731000456 31.58993197909758 0.75303035974503 -0.06219271570444 10 3 0 0 2 1 3.00000000000000
520 120.77692065942931 31.58993581568553 0.78540736436844 -0.06239473447204 10 3 0 0 2 1 3.00000000000000
521 120.77692409451522 31.58994004995122 0.82056641578674 -0.06092188507318 10 3 0 0 2 1 3.00000000000000
522 120.77692737420151 31.58994435731790 0.85495638847351 -0.06157037988305 10 3 0 0 2 1 3.00000000000000
523 120.77693023523972 31.58994847139217 0.88759636878967 -0.06077952682972 10 3 0 0 2 1 3.00000000000000
524 120.77693316073893 31.58995300764499 0.92264139652252 -0.06257966160774 10 3 0 0 2 1 3.00000000000000
525 120.77693589734061 31.58995765208474 0.95828640460968 -0.06378785520792 10 3 0 0 2 1 3.00000000000000
526 120.77693830310099 31.58996204917592 0.99067938327789 -0.06093674898148 10 3 0 0 2 1 3.00000000000000
527 120.77694068404411 31.58996686958991 1.02612340450287 -0.06164587289095 10 3 0 0 2 1 3.00000000000000
528 120.77694287453345 31.58997177753627 1.06129741668701 -0.05939650535583 10 3 0 0 2 1 3.00000000000000
529 120.77694474261428 31.58997641640038 1.09474539756775 -0.06115224957466 10 3 0 0 2 1 3.00000000000000
530 120.77694630484386 31.58998075705256 1.12554836273193 -0.06028699129820 10 3 0 0 2 1 3.00000000000000
531 120.77694771529536 31.58998514443296 1.15623140335083 -0.06276851892471 10 3 0 0 2 1 3.00000000000000
532 120.77694897052294 31.58998957895204 1.18767738342285 -0.06238793954253 10 3 0 0 2 1 3.00000000000000
533 120.77695015273393 31.58999442030982 1.22185635566711 -0.06355772912502 10 3 0 0 2 1 3.00000000000000
534 120.77695107460431 31.58999891323357 1.25325536727905 -0.06308227777481 10 3 0 0 2 1 3.00000000000000
535 120.77695182849263 31.59000341807283 1.28457343578339 -0.06318821012974 10 3 0 0 2 1 3.00000000000000
536 120.77695243079070 31.59000830022302 1.31859040260315 -0.06265283375978 10 3 0 0 2 1 3.00000000000000
537 120.77695282667101 31.59001280393435 1.34988844394684 -0.06243653967977 10 3 0 0 2 1 3.00000000000000
538 120.77695307867866 31.59001730837465 1.38046634197235 -0.06063985079527 10 3 0 0 2 1 3.00000000000000
539 120.77695314430566 31.59002293067324 1.41810834407806 -0.05993667617440 10 3 0 0 2 1 3.00000000000000
540 120.77695302869314 31.59002816259650 1.45229434967041 -0.05865451321006 10 3 0 0 2 1 3.00000000000000
541 120.77695276136093 31.59003333826080 1.48584234714508 -0.05685170367360 10 3 0 0 2 1 3.00000000000000
542 120.77695230040619 31.59003841726844 1.51789844036102 -0.05390786007047 10 3 0 0 2 1 3.00000000000000
543 120.77695170553220 31.59004305020408 1.54664433002472 -0.05746660381556 10 3 0 0 2 1 3.00000000000000
544 120.77695089610320 31.59004795418082 1.57833743095398 -0.05811381712556 10 3 0 0 2 1 3.00000000000000
545 120.77694996292742 31.59005277267024 1.60919940471649 -0.05762262269855 10 3 0 0 2 1 3.00000000000000
546 120.77694880177859 31.59005783787896 1.64151644706726 -0.05721933767200 10 3 0 0 2 1 3.00000000000000
547 120.77694758273456 31.59006247334057 1.66953635215759 -0.05263227224350 10 3 0 0 2 1 3.00000000000000
548 120.77694623345435 31.59006706023843 1.69672739505768 -0.05095333233476 10 3 0 0 2 1 3.00000000000000
549 120.77694463389611 31.59007196868225 1.72580242156982 -0.05135851725936 10 3 0 0 2 1 3.00000000000000
550 120.77694298270704 31.59007653994720 1.75230538845062 -0.05196134746075 10 3 0 0 2 1 3.00000000000000
551 120.77694104295088 31.59008142421971 1.78141343593597 -0.04997493699193 10 3 0 0 2 1 3.00000000000000
552 120.77693910848524 31.59008597539881 1.80701541900635 -0.04609535634518 10 3 0 0 2 1 3.00000000000000
553 120.77693706830617 31.59009052007533 1.83131539821625 -0.04361071065068 10 3 0 0 2 1 3.00000000000000
554 120.77693490052428 31.59009506162104 1.85492444038391 -0.04279227182269 10 3 0 0 2 1 3.00000000000000
555 120.77693278408898 31.59009926763463 1.87605941295624 -0.03985399380326 10 3 0 0 2 1 3.00000000000000
556 120.77693040697567 31.59010379539700 1.89730238914490 -0.03815882280469 10 3 0 0 2 1 3.00000000000000
557 120.77692793836924 31.59010830536197 1.91788637638092 -0.03772759810090 10 3 0 0 2 1 3.00000000000000
558 120.77692554851345 31.59011245337537 1.93674838542938 -0.03590385243297 10 3 0 0 2 1 3.00000000000000
559 120.77692289937161 31.59011680388375 1.95677542686462 -0.03834389522672 10 3 0 0 2 1 3.00000000000000
560 120.77692019103735 31.59012105195689 1.97678732872009 -0.03766206279397 10 3 0 0 2 1 3.00000000000000
561 120.77691722871582 31.59012548819786 1.99782335758209 -0.03675182908773 10 3 0 0 2 1 3.00000000000000
562 120.77691440916379 31.59012952096204 2.01710438728333 -0.03766139596701 10 3 0 0 2 1 3.00000000000000
563 120.77691153898492 31.59013345517585 2.03536248207092 -0.03315600380301 10 3 0 0 2 1 3.00000000000000
564 120.77690845871997 31.59013759004023 2.05255532264709 -0.02888491749763 10 3 0 0 2 1 3.00000000000000
565 120.77690524177800 31.59014192820883 2.06644344329834 -0.02082042023540 10 3 0 0 2 1 3.00000000000000
566 120.77690210826400 31.59014621875334 2.07563829421997 -0.01386537123471 10 3 0 0 2 1 3.00000000000000
567 120.77689919425161 31.59015018180806 2.08255743980408 -0.01333598420024 10 3 0 0 2 1 3.00000000000000
