Id Lon Lat heading curvature mode SpeedMode EventMode OppositeSideMode LaneNum LaneSeq LaneWidth
0 120.77157713282958 31.59339646250101 0.20313738286495 -0.12980364263058 10 3 0 0 0 1 3.00000000000000
1 120.77158227308840 31.59339752118378 0.20248638093472 -0.00226978585124 10 3 0 0 0 1 3.00000000000000
2 120.77158764236071 31.59339854540139 0.20079338550568 0.00670990720391 10 3 0 0 0 1 3.00000000000000
3 120.77159299756956 31.59339948605415 0.19672338664532 0.00597748393193 10 3 0 0 0 1 3.00000000000000
4 120.77159851777510 31.59340043356585 0.19128939509392 0.00572729948908 10 3 0 0 0 1 3.00000000000000
5 120.77160379906785 31.59340129939145 0.18578338623047 0.00756527250633 10 3 0 0 0 1 3.00000000000000
6 120.77160912575550 31.59340213862265 0.18070739507675 0.01077771652490 10 3 0 0 0 1 3.00000000000000
7 120.77161443176718 31.59340296580991 0.17602738738060 0.01080478727818 10 3 0 0 0 1 3.00000000000000
8 120.77161995536569 31.59340377154163 0.17052039504051 0.01149837113917 10 3 0 0 0 1 3.00000000000000
9 120.77162567257118 31.59340463239379 0.16529738903046 0.01189333386719 10 3 0 0 0 1 3.00000000000000
10 120.77163106557826 31.59340541009540 0.16089338064194 0.00828941911459 10 3 0 0 0 1 3.00000000000000
11 120.77163635292018 31.59340612921314 0.15589639544487 0.01067090779543 10 3 0 0 0 1 3.00000000000000
12 120.77164208514955 31.59340691051026 0.15162338316441 0.00810324307531 10 3 0 0 0 1 3.00000000000000
13 120.77164739188321 31.59340763286293 0.14750438928604 0.00651973206550 10 3 0 0 0 1 3.00000000000000
14 120.77165285427347 31.59340835089722 0.14330539107323 0.00799630768597 10 3 0 0 0 1 3.00000000000000
15 120.77165847160613 31.59340906728868 0.13970439136028 0.00792591366917 10 3 0 0 0 1 3.00000000000000
16 120.77166423341613 31.59340977038295 0.13556538522243 0.00836685299873 10 3 0 0 0 1 3.00000000000000
17 120.77167008932888 31.59341048189820 0.13099838793278 0.00899856351316 10 3 0 0 0 1 3.00000000000000
18 120.77167569361254 31.59341115092004 0.12725238502026 0.00751962652430 10 3 0 0 0 1 3.00000000000000
19 120.77168104112030 31.59341178940484 0.12354138493538 0.00565268285573 10 3 0 0 0 1 3.00000000000000
20 120.77168643882162 31.59341240211314 0.12023938447237 0.00900895148516 10 3 0 0 0 1 3.00000000000000
21 120.77169187823677 31.59341299258138 0.11655438691378 0.00823478866369 10 3 0 0 0 1 3.00000000000000
22 120.77169728512641 31.59341359979003 0.11300338804722 0.00628133863211 10 3 0 0 0 1 3.00000000000000
23 120.77170268033511 31.59341417264713 0.10899239033461 0.00783761125058 10 3 0 0 0 1 3.00000000000000
24 120.77170805044136 31.59341471083734 0.10539539158344 0.00645257765427 10 3 0 0 0 1 3.00000000000000
25 120.77171372881674 31.59341527347907 0.10179138928652 0.00498234946281 10 3 0 0 0 1 3.00000000000000
26 120.77171904761764 31.59341579419045 0.09833239018917 0.00811997428536 10 3 0 0 0 1 3.00000000000000
27 120.77172434995994 31.59341629926957 0.09527438879013 0.00532938633114 10 3 0 0 0 1 3.00000000000000
28 120.77172962739489 31.59341673888321 0.09185639023781 0.00832177605480 10 3 0 0 0 1 3.00000000000000
29 120.77173488683202 31.59341720370171 0.08968538790941 0.00355869019404 10 3 0 0 0 1 3.00000000000000
30 120.77174077961678 31.59341770605804 0.08671938627958 0.00389034603722 10 3 0 0 0 1 3.00000000000000
31 120.77174663084537 31.59341821639066 0.08453539013863 0.00488674314693 10 3 0 0 0 1 3.00000000000000
32 120.77175216266347 31.59341872631715 0.08333639055490 0.00167409656569 10 3 0 0 0 1 3.00000000000000
33 120.77175801687540 31.59341922489011 0.08192438632250 0.00251968344674 10 3 0 0 0 1 3.00000000000000
34 120.77176386515761 31.59341976435188 0.08107639104128 0.00303009734489 10 3 0 0 0 1 3.00000000000000
35 120.77176974905139 31.59342030039335 0.08116339147091 -0.00345472618937 10 3 0 0 0 1 3.00000000000000
36 120.77177498407154 31.59342080481026 0.08201339095831 -0.00118847668637 10 3 0 0 0 1 3.00000000000000
37 120.77178025273587 31.59342130165681 0.08326838910580 -0.00295590865426 10 3 0 0 0 1 3.00000000000000
38 120.77178589688857 31.59342186699426 0.08512838929892 -0.00445835152641 10 3 0 0 0 1 3.00000000000000
39 120.77179125311720 31.59342240873076 0.08809738606215 -0.00654373085126 10 3 0 0 0 1 3.00000000000000
40 120.77179662372282 31.59342301713282 0.09191438555717 -0.00739546539262 10 3 0 0 0 1 3.00000000000000
41 120.77180201955767 31.59342366375322 0.09712138772011 -0.01114198472351 10 3 0 0 0 1 3.00000000000000
42 120.77180743588562 31.59342432979719 0.10246838629246 -0.01016198936850 10 3 0 0 0 1 3.00000000000000
43 120.77181288456327 31.59342504544831 0.10966739058495 -0.01636051759124 10 3 0 0 0 1 3.00000000000000
44 120.77181832358860 31.59342587608849 0.11766938865185 -0.01733871921897 10 3 0 0 0 1 3.00000000000000
45 120.77182409299643 31.59342683061565 0.12853439152241 -0.01878707297146 10 3 0 0 0 1 3.00000000000000
46 120.77182951246186 31.59342777757916 0.13941338658333 -0.02554084174335 10 3 0 0 0 1 3.00000000000000
47 120.77183490300112 31.59342883706413 0.15226738154888 -0.02389237843454 10 3 0 0 0 1 3.00000000000000
48 120.77184026777830 31.59342992697067 0.16381739079952 -0.02432201243937 10 3 0 0 0 1 3.00000000000000
49 120.77184564222532 31.59343103632159 0.17588739097118 -0.02020689845085 10 3 0 0 0 1 3.00000000000000
50 120.77185104597318 31.59343219532617 0.18725238740444 -0.02457529120147 10 3 0 0 0 1 3.00000000000000
51 120.77185641111869 31.59343345753221 0.19971339404583 -0.02278850972652 10 3 0 0 0 1 3.00000000000000
52 120.77186207028952 31.59343491858248 0.21475538611412 -0.02991534024477 10 3 0 0 0 1 3.00000000000000
53 120.77186738986887 31.59343637254191 0.23054638504982 -0.03100242093205 10 3 0 0 0 1 3.00000000000000
54 120.77187270570082 31.59343791301179 0.24867238104343 -0.03133356571198 10 3 0 0 0 1 3.00000000000000
55 120.77187799026426 31.59343954545419 0.26681038737297 -0.03852782398462 10 3 0 0 0 1 3.00000000000000
56 120.77188322122670 31.59344128112915 0.28565338253975 -0.03370315954089 10 3 0 0 0 1 3.00000000000000
57 120.77188839609632 31.59344312235371 0.30511939525604 -0.03651318326592 10 3 0 0 0 1 3.00000000000000
58 120.77189352145433 31.59344500628444 0.32376739382744 -0.03225391358137 10 3 0 0 0 1 3.00000000000000
59 120.77189895965476 31.59344711809402 0.34220138192177 -0.03268649429083 10 3 0 0 0 1 3.00000000000000
60 120.77190404925740 31.59344918007132 0.35890039801598 -0.02782147191465 10 3 0 0 0 1 3.00000000000000
61 120.77190916617381 31.59345124608726 0.37364238500595 -0.02765125036240 10 3 0 0 0 1 3.00000000000000
62 120.77191424488458 31.59345341738204 0.38789838552475 -0.02361500449479 10 3 0 0 0 1 3.00000000000000
63 120.77191938068479 31.59345563735608 0.39979138970375 -0.02021188661456 10 3 0 0 0 1 3.00000000000000
64 120.77192453684870 31.59345782970571 0.40919438004494 -0.01453018840402 10 3 0 0 0 1 3.00000000000000
65 120.77192967381758 31.59346004061285 0.41674438118935 -0.01261047553271 10 3 0 0 0 1 3.00000000000000
66 120.77193452006199 31.59346212755880 0.42144438624382 -0.00852972548455 10 3 0 0 0 1 3.00000000000000
67 120.77193970750849 31.59346433147436 0.42580738663673 -0.00783544592559 10 3 0 0 0 1 3.00000000000000
68 120.77194491278782 31.59346656560362 0.42941039800644 -0.00474242446944 10 3 0 0 0 1 3.00000000000000
69 120.77195013129031 31.59346881304351 0.43189439177513 -0.00612766435370 10 3 0 0 0 1 3.00000000000000
70 120.77195538508347 31.59347105255370 0.43383839726448 -0.00104747863952 10 3 0 0 0 1 3.00000000000000
71 120.77196065158986 31.59347330609425 0.43575337529182 -0.00387013494037 10 3 0 0 0 1 3.00000000000000
72 120.77196593945135 31.59347558913122 0.43661537766457 -0.00145277171396 10 3 0 0 0 1 3.00000000000000
73 120.77197091829291 31.59347773132886 0.43798437714577 -0.00075570569606 10 3 0 0 0 1 3.00000000000000
74 120.77197625519324 31.59348005670620 0.43902638554573 -0.00159559713211 10 3 0 0 0 1 3.00000000000000
75 120.77198095122010 31.59348210479817 0.43998140096664 -0.00206201127730 10 3 0 0 0 1 3.00000000000000
76 120.77198569746821 31.59348412812247 0.44048938155174 0.00015382186393 10 3 0 0 0 1 3.00000000000000
77 120.77199046171957 31.59348620347577 0.44132038950920 -0.00106925179716 10 3 0 0 0 1 3.00000000000000
78 120.77199523528695 31.59348829234757 0.44173538684845 -0.00272782659158 10 3 0 0 0 1 3.00000000000000
79 120.77200037341703 31.59349053202112 0.44266539812088 -0.00143268483225 10 3 0 0 0 1 3.00000000000000
80 120.77200515256403 31.59349260599599 0.44346439838409 -0.00072708714288 10 3 0 0 0 1 3.00000000000000
81 120.77200990793509 31.59349469006095 0.44358637928963 -0.00001033289300 10 3 0 0 0 1 3.00000000000000
82 120.77201465517848 31.59349675244746 0.44360738992691 0.00126782199368 10 3 0 0 0 1 3.00000000000000
83 120.77201941069281 31.59349881872387 0.44324937462807 -0.00041989254532 10 3 0 0 0 1 3.00000000000000
84 120.77202415681109 31.59350092566152 0.44341239333153 -0.00071981153451 10 3 0 0 0 1 3.00000000000000
85 120.77202888211973 31.59350299345807 0.44314739108086 0.00185415637679 10 3 0 0 0 1 3.00000000000000
86 120.77203389843133 31.59350522135963 0.44273138046265 0.00034845780465 10 3 0 0 0 1 3.00000000000000
87 120.77203921606628 31.59350761863424 0.44240137934685 0.00322447833605 10 3 0 0 0 1 3.00000000000000
88 120.77204454579856 31.59350993685653 0.44061538577080 -0.00115522975102 10 3 0 0 0 1 3.00000000000000
89 120.77204991009144 31.59351220000430 0.43889838457108 0.00415497366339 10 3 0 0 0 1 3.00000000000000
90 120.77205523436861 31.59351442099625 0.43530339002609 0.00907570403069 10 3 0 0 0 1 3.00000000000000
91 120.77206057794699 31.59351663459097 0.43113440275192 0.00666449079290 10 3 0 0 0 1 3.00000000000000
92 120.77206596662286 31.59351878924186 0.42692437767982 0.00887824036181 10 3 0 0 0 1 3.00000000000000
93 120.77207103699878 31.59352082715824 0.42227938771248 0.01174817048013 10 3 0 0 0 1 3.00000000000000
94 120.77207646397744 31.59352294810660 0.41467237472534 0.01537221390754 10 3 0 0 0 1 3.00000000000000
95 120.77208192236934 31.59352496378047 0.40630838274956 0.01460556592792 10 3 0 0 0 1 3.00000000000000
96 120.77208741784642 31.59352696270282 0.39646637439728 0.01805008389056 10 3 0 0 0 1 3.00000000000000
97 120.77209296580259 31.59352888804564 0.38592138886452 0.01740528829396 10 3 0 0 0 1 3.00000000000000
98 120.77209854142141 31.59353077578148 0.37632137537003 0.01792853511870 10 3 0 0 0 1 3.00000000000000
99 120.77210414728840 31.59353259029805 0.36597537994385 0.01802428625524 10 3 0 0 0 1 3.00000000000000
100 120.77210944673639 31.59353423800748 0.35571739077568 0.01808339916170 10 3 0 0 0 1 3.00000000000000
101 120.77211444618264 31.59353574332098 0.34737339615822 0.01549638807774 10 3 0 0 0 1 3.00000000000000
102 120.77211949957803 31.59353721416310 0.33781239390373 0.01775915920734 10 3 0 0 0 1 3.00000000000000
103 120.77212454705592 31.59353870242869 0.32876938581467 0.01728685945272 10 3 0 0 0 1 3.00000000000000
104 120.77212963805526 31.59354015687968 0.32031238079071 0.01670974306762 10 3 0 0 0 1 3.00000000000000
105 120.77213478877582 31.59354157376439 0.31191939115524 0.01494126580656 10 3 0 0 0 1 3.00000000000000
106 120.77213997151492 31.59354297206297 0.30455538630486 0.01472578663379 10 3 0 0 0 1 3.00000000000000
107 120.77214517603717 31.59354435957959 0.29795637726784 0.01062915567309 10 3 0 0 0 1 3.00000000000000
108 120.77215076850102 31.59354584567387 0.29322940111160 0.00560064613819 10 3 0 0 0 1 3.00000000000000
109 120.77215600976365 31.59354722566895 0.28977337479591 0.00845039356500 10 3 0 0 0 1 3.00000000000000
110 120.77216128582187 31.59354860284265 0.28695538640022 0.00369729031809 10 3 0 0 0 1 3.00000000000000
111 120.77216660070755 31.59354997290640 0.28562039136887 0.00406248820946 10 3 0 0 0 1 3.00000000000000
112 120.77217196872684 31.59355133659377 0.28374239802361 0.00418326305225 10 3 0 0 0 1 3.00000000000000
113 120.77217736151604 31.59355276257834 0.28184840083122 0.00414931401610 10 3 0 0 0 1 3.00000000000000
114 120.77218281495232 31.59355421160530 0.28069040179253 0.00184865738265 10 3 0 0 0 1 3.00000000000000
115 120.77218831489326 31.59355565541543 0.27921637892723 0.00309876911342 10 3 0 0 0 1 3.00000000000000
116 120.77219345017578 31.59355696381333 0.27791839838028 0.00597163243219 10 3 0 0 0 1 3.00000000000000
117 120.77219902702784 31.59355838784423 0.27616637945175 0.00236818264239 10 3 0 0 0 1 3.00000000000000
118 120.77220464776593 31.59355984606488 0.27473840117455 0.00418689008802 10 3 0 0 0 1 3.00000000000000
119 120.77221032088666 31.59356130204334 0.27248239517212 0.00233467412181 10 3 0 0 0 1 3.00000000000000
120 120.77221603446714 31.59356277288213 0.27128738164902 0.00428276741877 10 3 0 0 0 1 3.00000000000000
121 120.77222179647370 31.59356421805609 0.26832839846611 0.00552688539028 10 3 0 0 0 1 3.00000000000000
122 120.77222760787093 31.59356567832502 0.26610440015793 0.00432049389929 10 3 0 0 0 1 3.00000000000000
123 120.77223346851531 31.59356712269087 0.26356738805771 0.00568392639980 10 3 0 0 0 1 3.00000000000000
124 120.77223979057698 31.59356866803043 0.26054337620735 0.00281816162169 10 3 0 0 0 1 3.00000000000000
125 120.77224488384729 31.59356990100804 0.25860139727592 0.00447968579829 10 3 0 0 0 1 3.00000000000000
126 120.77224999354394 31.59357111229446 0.25648438930511 0.00183216342703 10 3 0 0 0 1 3.00000000000000
127 120.77225514329309 31.59357232168789 0.25466239452362 0.00380191160366 10 3 0 0 0 1 3.00000000000000
128 120.77226032628931 31.59357354525396 0.25210037827492 0.00529971998185 10 3 0 0 0 1 3.00000000000000
129 120.77226554361677 31.59357476710175 0.25010439753532 0.00338663044386 10 3 0 0 0 1 3.00000000000000
130 120.77227078522547 31.59357599442295 0.24809639155865 0.00525941094384 10 3 0 0 0 1 3.00000000000000
131 120.77227605417097 31.59357721462938 0.24595338106155 0.00472059193999 10 3 0 0 0 1 3.00000000000000
132 120.77228134953785 31.59357843776444 0.24439938366413 0.00254981871694 10 3 0 0 0 1 3.00000000000000
133 120.77228666957733 31.59357966108020 0.24337638914585 0.00283928145654 10 3 0 0 0 1 3.00000000000000
134 120.77229244937027 31.59358097278470 0.24237339198589 0.00218747067265 10 3 0 0 0 1 3.00000000000000
135 120.77229778376244 31.59358221151904 0.24184238910675 0.00015497364802 10 3 0 0 0 1 3.00000000000000
136 120.77230311974033 31.59358346469141 0.24229839444160 -0.00110386114102 10 3 0 0 0 1 3.00000000000000
137 120.77230847272028 31.59358470665255 0.24311438202858 -0.00177901040297 10 3 0 0 0 1 3.00000000000000
138 120.77231382908695 31.59358596920257 0.24375139176846 -0.00053237960674 10 3 0 0 0 1 3.00000000000000
139 120.77231918377453 31.59358724059950 0.24465939402580 -0.00143226352520 10 3 0 0 0 1 3.00000000000000
140 120.77232455154079 31.59358850215100 0.24516238272190 -0.00021279440261 10 3 0 0 0 1 3.00000000000000
141 120.77232990808396 31.59358975888449 0.24588738381863 -0.00109581730794 10 3 0 0 0 1 3.00000000000000
142 120.77233527796389 31.59359105352171 0.24662038683891 -0.00151497276966 10 3 0 0 0 1 3.00000000000000
143 120.77234108814743 31.59359244633000 0.24704739451408 -0.00202983641066 10 3 0 0 0 1 3.00000000000000
144 120.77234646220292 31.59359372543413 0.24761538207531 -0.00126060366165 10 3 0 0 0 1 3.00000000000000
145 120.77235184733802 31.59359501515877 0.24806538224220 -0.00056246435270 10 3 0 0 0 1 3.00000000000000
146 120.77235724043719 31.59359630737577 0.24844539165497 -0.00053004745860 10 3 0 0 0 1 3.00000000000000
147 120.77236264243194 31.59359760472223 0.24861939251423 0.00033929225174 10 3 0 0 0 1 3.00000000000000
148 120.77236806233741 31.59359891468762 0.24892339110374 -0.00150982616469 10 3 0 0 0 1 3.00000000000000
149 120.77237349861146 31.59360023390715 0.24951538443565 -0.00018664549862 10 3 0 0 0 1 3.00000000000000
150 120.77237895026666 31.59360155577857 0.24963538348675 -0.00066368613625 10 3 0 0 0 1 3.00000000000000
151 120.77238441052133 31.59360288612661 0.24942238628864 0.00071213196497 10 3 0 0 0 1 3.00000000000000
152 120.77239034234674 31.59360434064201 0.25001138448715 -0.00145447906107 10 3 0 0 0 1 3.00000000000000
153 120.77239582772660 31.59360568875592 0.25009638071060 -0.00108719361015 10 3 0 0 0 1 3.00000000000000
154 120.77240133868831 31.59360702750229 0.25024840235710 -0.00173086358700 10 3 0 0 0 1 3.00000000000000
155 120.77240687247304 31.59360837035352 0.25113338232040 -0.00111841282342 10 3 0 0 0 1 3.00000000000000
156 120.77241242001374 31.59360972866952 0.25110340118408 0.00095099664759 10 3 0 0 0 1 3.00000000000000
157 120.77241797862679 31.59361110690703 0.25123339891434 -0.00285222497769 10 3 0 0 0 1 3.00000000000000
158 120.77242356062767 31.59361247343028 0.25211539864540 0.00010821843171 10 3 0 0 0 1 3.00000000000000
159 120.77242916175037 31.59361382207835 0.25239637494087 0.00001168816561 10 3 0 0 0 1 3.00000000000000
160 120.77243477262317 31.59361520194612 0.25220638513565 0.00051882985281 10 3 0 0 0 1 3.00000000000000
161 120.77243993662189 31.59361647359276 0.25253239274025 -0.00025559696951 10 3 0 0 0 1 3.00000000000000
162 120.77244559344496 31.59361786501454 0.25282040238380 -0.00139615265653 10 3 0 0 0 1 3.00000000000000
163 120.77245126973732 31.59361926326945 0.25310039520264 -0.00111587310676 10 3 0 0 0 1 3.00000000000000
164 120.77245693982144 31.59362066509640 0.25355038046837 0.00044856080785 10 3 0 0 0 1 3.00000000000000
165 120.77246262215955 31.59362205283867 0.25352039933205 0.00063223729376 10 3 0 0 0 1 3.00000000000000
166 120.77246830524182 31.59362347221546 0.25381338596344 -0.00160070019774 10 3 0 0 0 1 3.00000000000000
167 120.77247399375928 31.59362486184754 0.25389939546585 0.00119407381862 10 3 0 0 0 1 3.00000000000000
168 120.77247967125511 31.59362625821473 0.25377738475800 0.00022391104721 10 3 0 0 0 1 3.00000000000000
169 120.77248532793713 31.59362767348583 0.25396838784218 -0.00092673808103 10 3 0 0 0 1 3.00000000000000
170 120.77249145426146 31.59362919816917 0.25385239720345 0.00023459726071 10 3 0 0 0 1 3.00000000000000
171 120.77249708202928 31.59363059007847 0.25404739379883 -0.00057506636949 10 3 0 0 0 1 3.00000000000000
172 120.77250266687879 31.59363197347816 0.25420740246773 0.00115289760288 10 3 0 0 0 1 3.00000000000000
173 120.77250823418534 31.59363335437958 0.25426340103149 0.00036185520003 10 3 0 0 0 1 3.00000000000000
174 120.77251379906571 31.59363471415486 0.25404438376427 -0.00066379323835 10 3 0 0 0 1 3.00000000000000
175 120.77251933832248 31.59363608809044 0.25402438640594 0.00004342482862 10 3 0 0 0 1 3.00000000000000
176 120.77252486158886 31.59363743665918 0.25363737344742 -0.00029163149884 10 3 0 0 0 1 3.00000000000000
177 120.77253035861378 31.59363876521118 0.25383239984512 -0.00037515340955 10 3 0 0 0 1 3.00000000000000
178 120.77253583491454 31.59364009237383 0.25373637676239 0.00209277612157 10 3 0 0 0 1 3.00000000000000
179 120.77254175051536 31.59364152937706 0.25244939327240 0.00112209748477 10 3 0 0 0 1 3.00000000000000
180 120.77254720715902 31.59364286151723 0.25191140174866 0.00180456205271 10 3 0 0 0 1 3.00000000000000
181 120.77255266362329 31.59364417288079 0.25045639276505 0.00374726974405 10 3 0 0 0 1 3.00000000000000
182 120.77255812952622 31.59364546409114 0.24918438494205 0.00220646639355 10 3 0 0 0 1 3.00000000000000
183 120.77256359276775 31.59364675411508 0.24796938896179 0.00347513356246 10 3 0 0 0 1 3.00000000000000
184 120.77256906150909 31.59364803145732 0.24617938697338 0.00294737680815 10 3 0 0 0 1 3.00000000000000
185 120.77257453726388 31.59364931661868 0.24461339414120 0.00166729406919 10 3 0 0 0 1 3.00000000000000
186 120.77258001974121 31.59365058839624 0.24302338063717 0.00415183836594 10 3 0 0 0 1 3.00000000000000
187 120.77258552117364 31.59365184016994 0.24120938777924 0.00341344508342 10 3 0 0 0 1 3.00000000000000
188 120.77259104630136 31.59365307649588 0.23951938748360 0.00242197001353 10 3 0 0 0 1 3.00000000000000
189 120.77259703192755 31.59365440732941 0.23700138926506 0.00278303306550 10 3 0 0 0 1 3.00000000000000
190 120.77260257095962 31.59365565295265 0.23455639183521 0.00382445170544 10 3 0 0 0 1 3.00000000000000
191 120.77260812165936 31.59365688022927 0.23286938667297 0.00409356877208 10 3 0 0 0 1 3.00000000000000
192 120.77261368295153 31.59365808711553 0.23100638389587 0.00483995769173 10 3 0 0 0 1 3.00000000000000
193 120.77261925323593 31.59365927022240 0.22845438122749 0.00504330592230 10 3 0 0 0 1 3.00000000000000
194 120.77262480739876 31.59366045646226 0.22614939510822 0.00298340898007 10 3 0 0 0 1 3.00000000000000
195 120.77263034239145 31.59366162484827 0.22375138103962 0.00625839922577 10 3 0 0 0 1 3.00000000000000
196 120.77263586231510 31.59366277860667 0.22091439366341 0.00493592908606 10 3 0 0 0 1 3.00000000000000
197 120.77264136778010 31.59366392146209 0.21899439394474 0.00355594814755 10 3 0 0 0 1 3.00000000000000
198 120.77264731673463 31.59366514862500 0.21615938842297 0.00581491179764 10 3 0 0 0 1 3.00000000000000
199 120.77265278671484 31.59366627263108 0.21374338865280 0.00602295715362 10 3 0 0 0 1 3.00000000000000
200 120.77265825804713 31.59366735633365 0.21099638938904 0.00623303512111 10 3 0 0 0 1 3.00000000000000
201 120.77266372638103 31.59366844346541 0.20866638422012 0.00381498457864 10 3 0 0 0 1 3.00000000000000
202 120.77266919430207 31.59366951946331 0.20598438382149 0.00689016887918 10 3 0 0 0 1 3.00000000000000
203 120.77267465909830 31.59367057675729 0.20320738852024 0.00242353114299 10 3 0 0 0 1 3.00000000000000
204 120.77268012689026 31.59367162470472 0.20169739425182 0.00379335624166 10 3 0 0 0 1 3.00000000000000
205 120.77268560537104 31.59367264978020 0.19856439530849 0.00592122226954 10 3 0 0 0 1 3.00000000000000
206 120.77269109802619 31.59367368413741 0.19618938863277 0.00433737738058 10 3 0 0 0 1 3.00000000000000
207 120.77269705625463 31.59367480238724 0.19389039278030 0.00338668609038 10 3 0 0 0 1 3.00000000000000
208 120.77270256244084 31.59367582169401 0.19150139391422 0.00518958084285 10 3 0 0 0 1 3.00000000000000
209 120.77270809138597 31.59367681427519 0.18917638063431 0.00329242041335 10 3 0 0 0 1 3.00000000000000
210 120.77271362443982 31.59367779685964 0.18644039332867 0.00511967251077 10 3 0 0 0 1 3.00000000000000
211 120.77271915201334 31.59367877313739 0.18358738720417 0.00664129713550 10 3 0 0 0 1 3.00000000000000
212 120.77272468794872 31.59367972099231 0.18032239377499 0.00516922818497 10 3 0 0 0 1 3.00000000000000
213 120.77273020554966 31.59368065126185 0.17788238823414 0.00413122400641 10 3 0 0 0 1 3.00000000000000
214 120.77273570291592 31.59368158400657 0.17507739365101 0.00534463021904 10 3 0 0 0 1 3.00000000000000
215 120.77274116924525 31.59368246630367 0.17191438376904 0.00493346247822 10 3 0 0 0 1 3.00000000000000
216 120.77274706726075 31.59368341898823 0.16912338137627 0.00549886096269 10 3 0 0 0 1 3.00000000000000
217 120.77275247456151 31.59368429202030 0.16627138853073 0.00701479427516 10 3 0 0 0 1 3.00000000000000
218 120.77275787077971 31.59368513830188 0.16303838789463 0.00667366571724 10 3 0 0 0 1 3.00000000000000
219 120.77276323565204 31.59368596861403 0.16071638464928 0.00397715112194 10 3 0 0 0 1 3.00000000000000
220 120.77276858166236 31.59368677273465 0.15769438445568 0.00758702820167 10 3 0 0 0 1 3.00000000000000
221 120.77277390313591 31.59368756361983 0.15423738956451 0.00736388983205 10 3 0 0 0 1 3.00000000000000
222 120.77277918865707 31.59368834761843 0.15191738307476 0.00535596814007 10 3 0 0 0 1 3.00000000000000
223 120.77278444849436 31.59368910773879 0.14910839498043 0.00507685588673 10 3 0 0 0 1 3.00000000000000
224 120.77278968834007 31.59368986381163 0.14630939066410 0.00695571489632 10 3 0 0 0 1 3.00000000000000
225 120.77279490813821 31.59369060174352 0.14362639188766 0.00589529424906 10 3 0 0 0 1 3.00000000000000
226 120.77280052795523 31.59369138243034 0.14079838991165 0.00708398269489 10 3 0 0 0 1 3.00000000000000
227 120.77280653885714 31.59369219432550 0.13815139234066 0.00643039541319 10 3 0 0 0 1 3.00000000000000
228 120.77281252044642 31.59369296355647 0.13441638648510 0.00645782891661 10 3 0 0 0 1 3.00000000000000
229 120.77281847739972 31.59369373933161 0.13104638457298 0.00454702042043 10 3 0 0 0 1 3.00000000000000
230 120.77282438996579 31.59369447600107 0.12712638080120 0.00808616727591 10 3 0 0 0 1 3.00000000000000
231 120.77283027940766 31.59369516188443 0.12271738797426 0.00725758820772 10 3 0 0 0 1 3.00000000000000
232 120.77283614341856 31.59369580845923 0.11800238490105 0.00948208943009 10 3 0 0 0 1 3.00000000000000
233 120.77284196859208 31.59369640983377 0.11240039020777 0.01095135137439 10 3 0 0 0 1 3.00000000000000
234 120.77284732946028 31.59369695184568 0.10732039064169 0.01121212542057 10 3 0 0 0 1 3.00000000000000
235 120.77285311876508 31.59369747046054 0.10064038634300 0.01185101922601 10 3 0 0 0 1 3.00000000000000
236 120.77285886545273 31.59369795112208 0.09521538764238 0.01301658805460 10 3 0 0 0 1 3.00000000000000
237 120.77286456224085 31.59369835999544 0.08680138736963 0.01722023822367 10 3 0 0 0 1 3.00000000000000
238 120.77287023341404 31.59369874070507 0.07865139096975 0.01462709996849 10 3 0 0 0 1 3.00000000000000
239 120.77287587505784 31.59369905254283 0.07063138484955 0.01757934316993 10 3 0 0 0 1 3.00000000000000
240 120.77288146864502 31.59369928577226 0.06076338887215 0.01984571292996 10 3 0 0 0 1 3.00000000000000
241 120.77288703853748 31.59369950078470 0.05111438781023 0.01850729621947 10 3 0 0 0 1 3.00000000000000
242 120.77289257101972 31.59369961187490 0.03881038725376 0.02603089995682 10 3 0 0 0 1 3.00000000000000
243 120.77289846001906 31.59369958882416 0.02349238842726 0.02617655321956 10 3 0 0 0 1 3.00000000000000
244 120.77290393566948 31.59369947130721 0.00836638826877 0.03287617117167 10 3 0 0 0 1 3.00000000000000
245 120.77290941102260 31.59369924833557 -0.00965561158955 0.03643706440926 10 3 0 0 0 1 3.00000000000000
246 120.77291486967893 31.59369890278403 -0.02864361181855 0.03860123082995 10 3 0 0 0 1 3.00000000000000
247 120.77292028365238 31.59369843692184 -0.04855261370540 0.03837139904499 10 3 0 0 0 1 3.00000000000000
248 120.77292569586692 31.59369788130267 -0.06927861273289 0.04392880946398 10 3 0 0 0 1 3.00000000000000
249 120.77293109662044 31.59369718768719 -0.09201761335135 0.04471443593502 10 3 0 0 0 1 3.00000000000000
250 120.77293682780015 31.59369626505497 -0.11692161113024 0.04338486865163 10 3 0 0 0 1 3.00000000000000
251 120.77294210336457 31.59369532636328 -0.13974560797215 0.04697929695249 10 3 0 0 0 1 3.00000000000000
252 120.77294737242080 31.59369427841418 -0.16571861505508 0.05178689211607 10 3 0 0 0 1 3.00000000000000
253 120.77295260920611 31.59369312082760 -0.19078060984612 0.04711847379804 10 3 0 0 0 1 3.00000000000000
254 120.77295778370252 31.59369181152938 -0.21673060953617 0.05356553941965 10 3 0 0 0 1 3.00000000000000
255 120.77296288837456 31.59369036178505 -0.24384060502052 0.05642852932215 10 3 0 0 0 1 3.00000000000000
256 120.77296791417996 31.59368877421218 -0.27248561382294 0.05645975843072 10 3 0 0 0 1 3.00000000000000
257 120.77297288712647 31.59368706739761 -0.29981461167336 0.05393371358514 10 3 0 0 0 1 3.00000000000000
258 120.77297813869829 31.59368509358744 -0.33024862408638 0.05514204874635 10 3 0 0 0 1 3.00000000000000
259 120.77298297986566 31.59368312693083 -0.35849961638451 0.05547156557441 10 3 0 0 0 1 3.00000000000000
260 120.77298774567113 31.59368099425308 -0.38638859987259 0.05463028326631 10 3 0 0 0 1 3.00000000000000
261 120.77299247689130 31.59367876649311 -0.41470462083817 0.05512320622802 10 3 0 0 0 1 3.00000000000000
262 120.77299716619669 31.59367643696534 -0.44341260194778 0.05666023120284 10 3 0 0 0 1 3.00000000000000
263 120.77300177021671 31.59367398805464 -0.47291260957718 0.05320811271667 10 3 0 0 0 1 3.00000000000000
264 120.77300630867660 31.59367142960825 -0.50187063217163 0.05924627929926 10 3 0 0 0 1 3.00000000000000
265 120.77301077460088 31.59366871468047 -0.53339064121246 0.06103365495801 10 3 0 0 0 1 3.00000000000000
266 120.77301547809441 31.59366564894518 -0.56841361522675 0.06467346101999 10 3 0 0 0 1 3.00000000000000
267 120.77301972673681 31.59366261137967 -0.60177862644196 0.06569484621286 10 3 0 0 0 1 3.00000000000000
268 120.77302384217175 31.59365944242727 -0.63771259784698 0.07133932411671 10 3 0 0 0 1 3.00000000000000
269 120.77302783085749 31.59365614784231 -0.67374962568283 0.06758188456297 10 3 0 0 0 1 3.00000000000000
270 120.77303166939772 31.59365270655813 -0.71008658409119 0.06847885251045 10 3 0 0 0 1 3.00000000000000
271 120.77303541846460 31.59364917965126 -0.74609059095383 0.06587041169405 10 3 0 0 0 1 3.00000000000000
272 120.77303900260853 31.59364551991570 -0.78156560659409 0.06684538722038 10 3 0 0 0 1 3.00000000000000
273 120.77304265168588 31.59364153078600 -0.81921261548996 0.06715481728315 10 3 0 0 0 1 3.00000000000000
274 120.77304590745430 31.59363766767265 -0.85525858402252 0.06998419761658 10 3 0 0 0 1 3.00000000000000
275 120.77304903734105 31.59363370505271 -0.89056760072708 0.06602822989225 10 3 0 0 0 1 3.00000000000000
276 120.77305207719655 31.59362969460548 -0.92492961883545 0.06016043946147 10 3 0 0 0 1 3.00000000000000
277 120.77305499795710 31.59362558876418 -0.95715659856796 0.05881625413895 10 3 0 0 0 1 3.00000000000000
278 120.77305776820994 31.59362138822302 -0.98776161670685 0.05547924339771 10 3 0 0 0 1 3.00000000000000
279 120.77306043138297 31.59361710312571 -1.01798665523529 0.05616206675768 10 3 0 0 0 1 3.00000000000000
280 120.77306303833747 31.59361279066474 -1.04699563980103 0.04973286762834 10 3 0 0 0 1 3.00000000000000
281 120.77306534635206 31.59360867496999 -1.07185256481171 0.04904979467392 10 3 0 0 0 1 3.00000000000000
282 120.77306773565992 31.59360416485882 -1.09872758388519 0.04858503863215 10 3 0 0 0 1 3.00000000000000
283 120.77307001140028 31.59359960121273 -1.12527561187744 0.04710473865271 10 3 0 0 0 1 3.00000000000000
284 120.77307213001833 31.59359494173969 -1.15113055706024 0.04794063046575 10 3 0 0 0 1 3.00000000000000
285 120.77307411095424 31.59359024327340 -1.17752265930176 0.04796374216676 10 3 0 0 0 1 3.00000000000000
286 120.77307598983744 31.59358552432831 -1.20303261280060 0.04552078992128 10 3 0 0 0 1 3.00000000000000
287 120.77307775538085 31.59358074552177 -1.22756659984589 0.03962520882487 10 3 0 0 0 1 3.00000000000000
288 120.77307941364970 31.59357593012816 -1.25027763843536 0.04105352610350 10 3 0 0 0 1 3.00000000000000
289 120.77308080439718 31.59357137355331 -1.27245163917542 0.04390412941575 10 3 0 0 0 1 3.00000000000000
290 120.77308217270794 31.59356644754683 -1.29629862308502 0.04141473770142 10 3 0 0 0 1 3.00000000000000
291 120.77308344281120 31.59356148520175 -1.32008564472198 0.04158476367593 10 3 0 0 0 1 3.00000000000000
292 120.77308455327729 31.59355646768972 -1.34384965896606 0.03975228965282 10 3 0 0 0 1 3.00000000000000
293 120.77308548826663 31.59355142859452 -1.36777555942535 0.04119893163443 10 3 0 0 0 1 3.00000000000000
294 120.77308631989615 31.59354637566120 -1.39064061641693 0.04007579013705 10 3 0 0 0 1 3.00000000000000
295 120.77308707395287 31.59354127543299 -1.41324961185455 0.03665207326412 10 3 0 0 0 1 3.00000000000000
296 120.77308773481573 31.59353577945501 -1.43513560295105 0.03306295350194 10 3 0 0 0 1 3.00000000000000
297 120.77308829274800 31.59353059930848 -1.45395064353943 0.03112396970391 10 3 0 0 0 1 3.00000000000000
298 120.77308880624312 31.59352537546350 -1.47145855426788 0.03046213649213 10 3 0 0 0 1 3.00000000000000
299 120.77308919026228 31.59352086270293 -1.48622965812683 0.02933419495821 10 3 0 0 0 1 3.00000000000000
300 120.77308950875766 31.59351634640157 -1.50020658969879 0.02743248641491 10 3 0 0 0 1 3.00000000000000
301 120.77308980752198 31.59351181781624 -1.51214563846588 0.02395935170352 10 3 0 0 0 1 3.00000000000000
302 120.77309006383754 31.59350727104570 -1.52401161193848 0.02491964772344 10 3 0 0 0 1 3.00000000000000
303 120.77309025903435 31.59350271627155 -1.53497660160065 0.01997551880777 10 3 0 0 0 1 3.00000000000000
304 120.77309036173524 31.59349814319815 -1.54502356052399 0.02222548052669 10 3 0 0 0 1 3.00000000000000
305 120.77309043039496 31.59349357188703 -1.55601763725281 0.02257012948394 10 3 0 0 0 1 3.00000000000000
306 120.77309047711860 31.59348864546123 -1.56695365905762 0.01909979991615 10 3 0 0 0 1 3.00000000000000
307 120.77309047583594 31.59348409987148 -1.57562065124512 0.01755786687136 10 3 0 0 0 1 3.00000000000000
308 120.77309047706784 31.59347956701125 -1.58179259300232 0.01104523893446 10 3 0 0 0 1 3.00000000000000
309 120.77309048508963 31.59347504325285 -1.58653759956360 0.00978725869209 10 3 0 0 0 1 3.00000000000000
310 120.77309047844609 31.59347052579533 -1.59013557434082 0.00609042635188 10 3 0 0 0 1 3.00000000000000
311 120.77309048378876 31.59346600833929 -1.59188055992126 0.00368119706400 10 3 0 0 0 1 3.00000000000000
312 120.77309053983977 31.59346075997742 -1.59282958507538 0.00135715841316 10 3 0 0 0 1 3.00000000000000
313 120.77309057054940 31.59345590668920 -1.59249460697174 -0.00117171951570 10 3 0 0 0 1 3.00000000000000
314 120.77309069218749 31.59345069497700 -1.59027361869812 -0.00361868157052 10 3 0 0 0 1 3.00000000000000
315 120.77309082411485 31.59344550826962 -1.58906161785126 -0.00196085125208 10 3 0 0 0 1 3.00000000000000
316 120.77309101403596 31.59344032541846 -1.58497655391693 -0.00994836166501 10 3 0 0 0 1 3.00000000000000
317 120.77309128250364 31.59343515589525 -1.57882058620453 -0.00898086745292 10 3 0 0 0 1 3.00000000000000
318 120.77309162847212 31.59342999690494 -1.57281255722046 -0.01566534489393 10 3 0 0 0 1 3.00000000000000
319 120.77309204818401 31.59342485314457 -1.56197857856750 -0.01904533617198 10 3 0 0 0 1 3.00000000000000
320 120.77309251030474 31.59341970147263 -1.54978656768799 -0.02202627435327 10 3 0 0 0 1 3.00000000000000
321 120.77309307343870 31.59341494823348 -1.53720462322235 -0.02510610595345 10 3 0 0 0 1 3.00000000000000
322 120.77309381672674 31.59340984683151 -1.52108466625214 -0.03390375152230 10 3 0 0 0 1 3.00000000000000
323 120.77309475109971 31.59340478645393 -1.50163567066193 -0.03548068180680 10 3 0 0 0 1 3.00000000000000
324 120.77309586351441 31.59339974870226 -1.47942960262299 -0.04023382440209 10 3 0 0 0 1 3.00000000000000
325 120.77309713036847 31.59339474822509 -1.45660960674286 -0.04046490043402 10 3 0 0 0 1 3.00000000000000
326 120.77309856115377 31.59338979897926 -1.43326663970947 -0.04334470257163 10 3 0 0 0 1 3.00000000000000
327 120.77310019899630 31.59338489603773 -1.40970659255981 -0.04087604209781 10 3 0 0 0 1 3.00000000000000
328 120.77310194014207 31.59338003317341 -1.38584566116333 -0.04586357623339 10 3 0 0 0 1 3.00000000000000
329 120.77310362550919 31.59337555233581 -1.36318361759186 -0.04300506785512 10 3 0 0 0 1 3.00000000000000
330 120.77310552965432 31.59337078638036 -1.33947765827179 -0.04151720926166 10 3 0 0 0 1 3.00000000000000
331 120.77310758555561 31.59336604876878 -1.31627559661865 -0.04213188588619 10 3 0 0 0 1 3.00000000000000
332 120.77310967227213 31.59336133685915 -1.29288864135742 -0.04057770967484 10 3 0 0 0 1 3.00000000000000
333 120.77311184561130 31.59335662657971 -1.27109360694885 -0.03703578934073 10 3 0 0 0 1 3.00000000000000
334 120.77311408842125 31.59335197131611 -1.25207459926605 -0.03120748884976 10 3 0 0 0 1 3.00000000000000
335 120.77311634745980 31.59334730889394 -1.23496162891388 -0.02716498263180 10 3 0 0 0 1 3.00000000000000
336 120.77311860733370 31.59334267102280 -1.22094559669495 -0.02190505713224 10 3 0 0 0 1 3.00000000000000
337 120.77312076000804 31.59333837168644 -1.21034264564514 -0.01930291391909 10 3 0 0 0 1 3.00000000000000
338 120.77312310036874 31.59333375862999 -1.20031356811523 -0.01758017763495 10 3 0 0 0 1 3.00000000000000
339 120.77312548201847 31.59332915282236 -1.19204461574554 -0.01288087386638 10 3 0 0 0 1 3.00000000000000
340 120.77312781369109 31.59332454422269 -1.18537259101868 -0.01267300825566 10 3 0 0 0 1 3.00000000000000
341 120.77313015832442 31.59331989323724 -1.17868959903717 -0.00980515778065 10 3 0 0 0 1 3.00000000000000
342 120.77313258353341 31.59331523247003 -1.17328262329102 -0.00983489025384 10 3 0 0 0 1 3.00000000000000
343 120.77313502446322 31.59331056654164 -1.16842961311340 -0.00916562136263 10 3 0 0 0 1 3.00000000000000
344 120.77313734029933 31.59330619714247 -1.16457462310791 -0.00385684682988 10 3 0 0 0 1 3.00000000000000
345 120.77313984978117 31.59330146548692 -1.16199958324432 -0.00593530619517 10 3 0 0 0 1 3.00000000000000
346 120.77314240148988 31.59329669905836 -1.15903365612030 -0.00588847836480 10 3 0 0 0 1 3.00000000000000
347 120.77314458547032 31.59329258418409 -1.15667665004730 -0.00399896921590 10 3 0 0 0 1 3.00000000000000
348 120.77314679011401 31.59328845992786 -1.15472066402435 -0.00300022261217 10 3 0 0 0 1 3.00000000000000
349 120.77314904129352 31.59328431961149 -1.15281057357788 -0.00420981645584 10 3 0 0 0 1 3.00000000000000
350 120.77315133409070 31.59328015958006 -1.15054965019226 -0.00405638758093 10 3 0 0 0 1 3.00000000000000
351 120.77315365647721 31.59327597502468 -1.14799058437347 -0.00523818517104 10 3 0 0 0 1 3.00000000000000
352 120.77315619123051 31.59327141909037 -1.14559864997864 -0.00544063234702 10 3 0 0 0 1 3.00000000000000
353 120.77315854879723 31.59326718180218 -1.14305758476257 -0.00390872964635 10 3 0 0 0 1 3.00000000000000
354 120.77316094081841 31.59326291380194 -1.14138066768646 -0.00350254611112 10 3 0 0 0 1 3.00000000000000
355 120.77316337273017 31.59325864806194 -1.13959562778473 -0.00509848119691 10 3 0 0 0 1 3.00000000000000
356 120.77316583458509 31.59325437273820 -1.13716256618500 -0.00578768318519 10 3 0 0 0 1 3.00000000000000
357 120.77316827894298 31.59325009355685 -1.13476860523224 -0.00444443384185 10 3 0 0 0 1 3.00000000000000
358 120.77317077056384 31.59324581723561 -1.13299763202667 -0.00234600272961 10 3 0 0 0 1 3.00000000000000
359 120.77317326692848 31.59324155560827 -1.13152062892914 -0.00133687944617 10 3 0 0 0 1 3.00000000000000
360 120.77317573803121 31.59323728020242 -1.12991464138031 -0.00418316805735 10 3 0 0 0 1 3.00000000000000
361 120.77317846686329 31.59323266689056 -1.12813663482666 -0.00039022922283 10 3 0 0 0 1 3.00000000000000
362 120.77318097595933 31.59322841837538 -1.12715065479279 -0.00258361571468 10 3 0 0 0 1 3.00000000000000
363 120.77318347038212 31.59322417141014 -1.12577855587006 -0.00370970391668 10 3 0 0 0 1 3.00000000000000
364 120.77318597728494 31.59321993418121 -1.12438964843750 -0.00063620647416 10 3 0 0 0 1 3.00000000000000
365 120.77318850186779 31.59321569075752 -1.12426960468292 -0.00114046083763 10 3 0 0 0 1 3.00000000000000
366 120.77319103634700 31.59321145912070 -1.12345564365387 -0.00177898560651 10 3 0 0 0 1 3.00000000000000
367 120.77319356638256 31.59320721618050 -1.12264657020569 -0.00063845003024 10 3 0 0 0 1 3.00000000000000
368 120.77319608740622 31.59320296766032 -1.12221860885620 -0.00124878867064 10 3 0 0 0 1 3.00000000000000
369 120.77319861397231 31.59319872619209 -1.12164664268494 -0.00073798000813 10 3 0 0 0 1 3.00000000000000
370 120.77320137232061 31.59319412817155 -1.12123763561249 -0.00105448777322 10 3 0 0 0 1 3.00000000000000
371 120.77320393415658 31.59318987390291 -1.12045466899872 -0.00024376288638 10 3 0 0 0 1 3.00000000000000
372 120.77320649797174 31.59318562007785 -1.11998260021210 -0.00225964491256 10 3 0 0 0 1 3.00000000000000
373 120.77320905712435 31.59318134989076 -1.11932563781738 -0.00134512817021 10 3 0 0 0 1 3.00000000000000
374 120.77321164374011 31.59317708147934 -1.11855864524841 -0.00023474392947 10 3 0 0 0 1 3.00000000000000
375 120.77321423038937 31.59317279331052 -1.11844360828400 -0.00067048345227 10 3 0 0 0 1 3.00000000000000
376 120.77321683617120 31.59316849556154 -1.11791062355042 -0.00251654512249 10 3 0 0 0 1 3.00000000000000
377 120.77321944658617 31.59316419185146 -1.11721861362457 -0.00043116882443 10 3 0 0 0 1 3.00000000000000
378 120.77322203773021 31.59315987314250 -1.11682760715485 -0.00045051096822 10 3 0 0 0 1 3.00000000000000
379 120.77322488385295 31.59315518894129 -1.11618459224701 -0.00214908970520 10 3 0 0 0 1 3.00000000000000
380 120.77322752466385 31.59315086159673 -1.11591362953186 -0.00158025999554 10 3 0 0 0 1 3.00000000000000
381 120.77323015207702 31.59314652237509 -1.11530959606171 -0.00204453361221 10 3 0 0 0 1 3.00000000000000
382 120.77323279066101 31.59314218221505 -1.11438059806824 -0.00074028922245 10 3 0 0 0 1 3.00000000000000
383 120.77323544745377 31.59313783839416 -1.11421263217926 -0.00092079059687 10 3 0 0 0 1 3.00000000000000
384 120.77323810064928 31.59313348401981 -1.11396861076355 -0.00106477341615 10 3 0 0 0 1 3.00000000000000
385 120.77324078051728 31.59312912103687 -1.11332762241364 -0.00056400086032 10 3 0 0 0 1 3.00000000000000
386 120.77324343479580 31.59312473768437 -1.11340463161469 -0.00048842892284 10 3 0 0 0 1 3.00000000000000
387 120.77324611009543 31.59312033252449 -1.11337757110596 -0.00117233011406 10 3 0 0 0 1 3.00000000000000
388 120.77324879364674 31.59311593652620 -1.11321461200714 -0.00104048207868 10 3 0 0 0 1 3.00000000000000
389 120.77325125596759 31.59311189709867 -1.11308062076569 -0.00115644466132 10 3 0 0 0 1 3.00000000000000
390 120.77325392984601 31.59310748276306 -1.11286056041718 -0.00034368946217 10 3 0 0 0 1 3.00000000000000
391 120.77325663213838 31.59310306299955 -1.11223065853119 -0.00151585892309 10 3 0 0 0 1 3.00000000000000
392 120.77325933973880 31.59309864563018 -1.11174857616425 -0.00106042728294 10 3 0 0 0 1 3.00000000000000
393 120.77326205781178 31.59309420756195 -1.11145758628845 -0.00088018004317 10 3 0 0 0 1 3.00000000000000
394 120.77326475282234 31.59308977901097 -1.11118257045746 -0.00061556848232 10 3 0 0 0 1 3.00000000000000
395 120.77326744465492 31.59308536185155 -1.11098957061768 0.00054142437875 10 3 0 0 0 1 3.00000000000000
396 120.77327012837931 31.59308094677837 -1.11140060424805 -0.00012226197578 10 3 0 0 0 1 3.00000000000000
397 120.77327282818857 31.59307652679313 -1.11142456531525 -0.00055634340970 10 3 0 0 0 1 3.00000000000000
398 120.77327527256749 31.59307246914835 -1.11191558837891 0.00205320375971 10 3 0 0 0 1 3.00000000000000
399 120.77327795806856 31.59306805924207 -1.11246562004089 -0.00076391402399 10 3 0 0 0 1 3.00000000000000
400 120.77328062348312 31.59306366198342 -1.11239159107208 0.00141112681013 10 3 0 0 0 1 3.00000000000000
401 120.77328326013141 31.59305927510255 -1.11318266391754 0.00181175209582 10 3 0 0 0 1 3.00000000000000
402 120.77328589760107 31.59305492045336 -1.11351656913757 0.00014945134171 10 3 0 0 0 1 3.00000000000000
403 120.77328851764797 31.59305058293146 -1.11434161663055 0.00197960436344 10 3 0 0 0 1 3.00000000000000
404 120.77329112780045 31.59304626041425 -1.11463165283203 0.00112676504068 10 3 0 0 0 1 3.00000000000000
405 120.77329371712032 31.59304195733906 -1.11521363258362 0.00298702856526 10 3 0 0 0 1 3.00000000000000
406 120.77329628372468 31.59303766649145 -1.11619663238525 0.00241788197309 10 3 0 0 0 1 3.00000000000000
407 120.77329882447165 31.59303339797134 -1.11656260490417 -0.00069310725667 10 3 0 0 0 1 3.00000000000000
408 120.77330158256017 31.59302879261283 -1.11769163608551 0.00238099368289 10 3 0 0 0 1 3.00000000000000
409 120.77330411594757 31.59302456601880 -1.11827063560486 0.00117679685354 10 3 0 0 0 1 3.00000000000000
410 120.77330661637978 31.59302035404939 -1.11882960796356 0.00113117159344 10 3 0 0 0 1 3.00000000000000
411 120.77330910543745 31.59301616704931 -1.11976659297943 0.00199785293080 10 3 0 0 0 1 3.00000000000000
412 120.77331159824269 31.59301201686253 -1.12068259716034 -0.00034027046058 10 3 0 0 0 1 3.00000000000000
413 120.77331406259272 31.59300788260003 -1.12104856967926 -0.00075501610991 10 3 0 0 0 1 3.00000000000000
414 120.77331650661212 31.59300376562986 -1.12190461158752 0.00252135796472 10 3 0 0 0 1 3.00000000000000
415 120.77331894519762 31.59299967667557 -1.12263059616089 0.00167129642796 10 3 0 0 0 1 3.00000000000000
416 120.77332137170357 31.59299560564453 -1.12325263023376 -0.00002655890239 10 3 0 0 0 1 3.00000000000000
417 120.77332396776491 31.59299120781291 -1.12414765357971 0.00329557084478 10 3 0 0 0 1 3.00000000000000
418 120.77332634003777 31.59298717098734 -1.12522661685944 0.00101567315869 10 3 0 0 0 1 3.00000000000000
419 120.77332909130790 31.59298248847721 -1.12577366828918 0.00023019281798 10 3 0 0 0 1 3.00000000000000
420 120.77333182461605 31.59297782709541 -1.12682366371155 0.00213118572719 10 3 0 0 0 1 3.00000000000000
421 120.77333454900480 31.59297320107547 -1.12755060195923 -0.00076647970127 10 3 0 0 0 1 3.00000000000000
422 120.77333727300369 31.59296859442172 -1.12768959999084 0.00039512917283 10 3 0 0 0 1 3.00000000000000
423 120.77333995793437 31.59296400325790 -1.12834358215332 0.00057739636395 10 3 0 0 0 1 3.00000000000000
424 120.77334263858502 31.59295944059096 -1.12880957126617 0.00081368774408 10 3 0 0 0 1 3.00000000000000
425 120.77334548526053 31.59295457738077 -1.12954759597778 0.00120705633890 10 3 0 0 0 1 3.00000000000000
426 120.77334811357485 31.59295005089429 -1.13011264801025 0.00021798018133 10 3 0 0 0 1 3.00000000000000
427 120.77335074975487 31.59294554646030 -1.13033163547516 0.00011736395390 10 3 0 0 0 1 3.00000000000000
428 120.77335334646568 31.59294107542631 -1.13066256046295 0.00205508456565 10 3 0 0 0 1 3.00000000000000
429 120.77335592928412 31.59293663924382 -1.13148462772369 0.00068632612238 10 3 0 0 0 1 3.00000000000000
430 120.77335850806867 31.59293221562474 -1.13211166858673 0.00073473306838 10 3 0 0 0 1 3.00000000000000
431 120.77336105651224 31.59292780721469 -1.13265359401703 0.00325137609616 10 3 0 0 0 1 3.00000000000000
432 120.77336354989480 31.59292343002310 -1.13335561752319 0.00178748636972 10 3 0 0 0 1 3.00000000000000
433 120.77336619533561 31.59291879640412 -1.13491761684418 0.00230115954764 10 3 0 0 0 1 3.00000000000000
434 120.77336861486313 31.59291454170086 -1.13639461994171 0.00453565549105 10 3 0 0 0 1 3.00000000000000
435 120.77337096579662 31.59291036395769 -1.13828456401825 0.00244503491558 10 3 0 0 0 1 3.00000000000000
436 120.77337325235328 31.59290625923324 -1.14039266109467 0.00602347031236 10 3 0 0 0 1 3.00000000000000
437 120.77337575857884 31.59290164014866 -1.14400959014893 0.00904274359345 10 3 0 0 0 1 3.00000000000000
438 120.77337814505736 31.59289708999169 -1.14956665039062 0.01319529302418 10 3 0 0 0 1 3.00000000000000
439 120.77338041355993 31.59289263879972 -1.15696763992310 0.01551894843578 10 3 0 0 0 1 3.00000000000000
440 120.77338254935576 31.59288830211950 -1.16585063934326 0.01833997108042 10 3 0 0 0 1 3.00000000000000
441 120.77338460490489 31.59288380973001 -1.17757356166840 0.02541463077068 10 3 0 0 0 1 3.00000000000000
442 120.77338652284004 31.59287918002327 -1.19390058517456 0.03313635662198 10 3 0 0 0 1 3.00000000000000
443 120.77338813597640 31.59287469002283 -1.21481561660767 0.04571401700377 10 3 0 0 0 1 3.00000000000000
444 120.77338960253755 31.59286987122175 -1.24255764484406 0.05456724017859 10 3 0 0 0 1 3.00000000000000
445 120.77339071704016 31.59286520104378 -1.27585959434509 0.07064323127270 10 3 0 0 0 1 3.00000000000000
446 120.77339139804003 31.59286064518370 -1.31662166118622 0.09326983243227 10 3 0 0 0 1 3.00000000000000
447 120.77339162522945 31.59285592617051 -1.36606562137604 0.10060662031174 10 3 0 0 0 1 3.00000000000000
448 120.77339148064588 31.59285107921682 -1.42024862766266 0.10274343937635 10 3 0 0 0 1 3.00000000000000
449 120.77339107419087 31.59284635231235 -1.47345459461212 0.10626916587353 10 3 0 0 0 1 3.00000000000000
450 120.77339041814706 31.59284173242824 -1.52579557895660 0.10420265048742 10 3 0 0 0 1 3.00000000000000
451 120.77338947364426 31.59283724272957 -1.57788360118866 0.10675417631865 10 3 0 0 0 1 3.00000000000000
452 120.77338823065257 31.59283267383920 -1.63161993026733 0.10992813855410 10 3 0 0 0 1 3.00000000000000
453 120.77338660281802 31.59282798486284 -1.68956887722015 0.10864309221506 10 3 0 0 0 1 3.00000000000000
454 120.77338476493246 31.59282373607356 -1.74655187129974 0.11537841707468 10 3 0 0 0 1 3.00000000000000
455 120.77338259826929 31.59281954223332 -1.80460095405579 0.12183584272861 10 3 0 0 0 1 3.00000000000000
456 120.77338008103303 31.59281541865198 -1.86622297763824 0.12529297173023 10 3 0 0 0 1 3.00000000000000
457 120.77337704560418 31.59281122424307 -1.93325591087341 0.13147273659706 10 3 0 0 0 1 3.00000000000000
458 120.77337374521973 31.59280735031390 -1.99965691566467 0.13092499971390 10 3 0 0 0 1 3.00000000000000
459 120.77337012325532 31.59280362510578 -2.06754302978516 0.13013811409473 10 3 0 0 0 1 3.00000000000000
460 120.77336614045917 31.59280008129264 -2.13733100891113 0.13334590196609 10 3 0 0 0 1 3.00000000000000
461 120.77336226589624 31.59279700252965 -2.20109581947327 0.12811255455017 10 3 0 0 0 1 3.00000000000000
462 120.77335789683910 31.59279398178859 -2.26744389533997 0.12842129170895 10 3 0 0 0 1 3.00000000000000
463 120.77335352091571 31.59279126824350 -2.32810783386230 0.11973734200001 10 3 0 0 0 1 3.00000000000000
464 120.77334895091990 31.59278873214635 -2.38690185546875 0.11459699273109 10 3 0 0 0 1 3.00000000000000
465 120.77334418201089 31.59278636560659 -2.44372296333313 0.10764291137457 10 3 0 0 0 1 3.00000000000000
466 120.77333925869685 31.59278415123202 -2.49852085113525 0.10394966602325 10 3 0 0 0 1 3.00000000000000
467 120.77333443395364 31.59278221842643 -2.54867601394653 0.10143868625164 10 3 0 0 0 1 3.00000000000000
468 120.77332924295908 31.59278029429669 -2.60088896751404 0.09184842556715 10 3 0 0 0 1 3.00000000000000
469 120.77332395294999 31.59277859033389 -2.65311980247498 0.10202523320913 10 3 0 0 0 1 3.00000000000000
470 120.77331861057738 31.59277718234632 -2.70401000976562 0.10205710679293 10 3 0 0 0 1 3.00000000000000
471 120.77331328063519 31.59277611167790 -2.75601983070374 0.10497841984034 10 3 0 0 0 1 3.00000000000000
472 120.77330796056316 31.59277534463632 -2.80984091758728 0.11134000122547 10 3 0 0 0 1 3.00000000000000
473 120.77330240225322 31.59277490268685 -2.86799883842468 0.11437855660915 10 3 0 0 0 1 3.00000000000000
474 120.77329667174885 31.59277488583583 -2.93137001991272 0.12588745355606 10 3 0 0 0 1 3.00000000000000
475 120.77329110613368 31.59277522801289 -2.99682402610779 0.13248902559280 10 3 0 0 0 1 3.00000000000000
476 120.77328570887290 31.59277601592493 -3.06559896469116 0.14461962878704 10 3 0 0 0 1 3.00000000000000
477 120.77328052390918 31.59277713380490 -3.13518881797791 0.15496429800987 10 3 0 0 0 1 3.00000000000000
478 120.77327540335914 31.59277873709550 3.07287335395813 0.16146293282509 10 3 0 0 0 1 3.00000000000000
479 120.77327038105160 31.59278085267871 2.98999047279358 0.18152649700642 10 3 0 0 0 1 3.00000000000000
480 120.77326583930949 31.59278336004522 2.90108346939087 0.19515292346478 10 3 0 0 0 1 3.00000000000000
481 120.77326139130778 31.59278633570228 2.80342435836792 0.19978246092796 10 3 0 0 0 1 3.00000000000000
482 120.77325739841406 31.59278947140268 2.70944738388062 0.20484438538551 10 3 0 0 0 1 3.00000000000000
483 120.77325380017299 31.59279293936610 2.61576032638550 0.19647218286991 10 3 0 0 0 1 3.00000000000000
484 120.77325055396713 31.59279663225804 2.52418637275696 0.19127543270588 10 3 0 0 0 1 3.00000000000000
485 120.77324749863739 31.59280060123505 2.43138837814331 0.17722769081593 10 3 0 0 0 1 3.00000000000000
486 120.77324477209305 31.59280447757462 2.34954428672791 0.15875959396362 10 3 0 0 0 1 3.00000000000000
487 120.77324221823638 31.59280845563072 2.27592349052429 0.13733521103859 10 3 0 0 0 1 3.00000000000000
488 120.77323995493649 31.59281260439657 2.20777845382690 0.13222183287144 10 3 0 0 0 1 3.00000000000000
489 120.77323775415017 31.59281676155120 2.14907646179199 0.10308517515659 10 3 0 0 0 1 3.00000000000000
490 120.77323548235759 31.59282097797617 2.10648632049561 0.06248359382153 10 3 0 0 0 1 3.00000000000000
491 120.77323292768629 31.59282511181362 2.08407950401306 0.03117962181568 10 3 0 0 0 1 3.00000000000000
492 120.77323033718866 31.59282910266456 2.07345128059387 0.00988184753805 10 3 0 0 0 1 3.00000000000000
493 120.77322761516514 31.59283317556057 2.07117033004761 -0.00200127111748 10 3 0 0 0 1 3.00000000000000
494 120.77322488328807 31.59283717395286 2.07177329063416 0.00488252891228 10 3 0 0 0 1 3.00000000000000
495 120.77322228995460 31.59284118203885 2.07246541976929 0.00460418453440 10 3 0 0 0 1 3.00000000000000
