Id Lon Lat heading curvature mode SpeedMode EventMode OppositeSideMode LaneNum LaneSeq LaneWidth
0 120.77322841428399 31.59283176493347 2.03331446647644 0.01119778584689 0 0 0 0 0 0 0.00000000000000
1 120.77322585960965 31.59283574759388 2.03407931327820 0.01426845882088 0 0 0 0 0 0 0.00000000000000
2 120.77322347408496 31.59283977756782 2.03521347045898 0.00271737412550 0 0 0 0 0 0 0.00000000000000
3 120.77322098770216 31.59284384255717 2.03626942634583 -0.00728282146156 0 0 0 0 0 0 0.00000000000000
4 120.77321848593563 31.59284795388819 2.03720641136169 0.00642127636820 0 0 0 0 0 0 0.00000000000000
5 120.77317883682679 31.59291033420271 2.03641152381897 0.00000000000000 0 0 0 0 0 0 0.00000000000000
6 120.77317615180974 31.59291432814845 2.03700423240662 0.00000000000000 0 0 0 0 0 0 0.00000000000000
7 120.77317352045809 31.59291851606127 2.03846597671509 0.00000000000000 0 0 0 0 0 0 0.00000000000000
8 120.77317063155439 31.59292299983431 2.03949737548828 0.00000000000000 0 0 0 0 0 0 0.00000000000000
9 120.77316807595379 31.59292719456756 2.04053854942322 0.00000000000000 0 0 0 0 0 0 0.00000000000000
10 120.77316526110944 31.59293119148495 2.03975081443787 0.00000000000000 0 0 0 0 0 0 0.00000000000000
11 120.77316268801719 31.59293555262789 2.04120588302612 0.00000000000000 0 0 0 0 0 0 0.00000000000000
12 120.77316013666866 31.59293957726559 2.03822827339172 0.00000000000000 0 0 0 0 0 0 0.00000000000000
13 120.77315735734354 31.59294412087262 2.03503394126892 0.00000000000000 0 0 0 0 0 0 0.00000000000000
14 120.77315480874438 31.59294810300920 2.03215265274048 0.00000000000000 0 0 0 0 0 0 0.00000000000000
15 120.77315224185493 31.59295244628107 2.03183794021606 0.00000000000000 0 0 0 0 0 0 0.00000000000000
16 120.77314949908140 31.59295654154133 2.03154540061951 0.00000000000000 0 0 0 0 0 0 0.00000000000000
17 120.77314697005092 31.59296089348121 2.03132319450378 0.00000000000000 0 0 0 0 0 0 0.00000000000000
18 120.77314453485265 31.59296498062374 2.03073406219482 0.00000000000000 0 0 0 0 0 0 0.00000000000000
19 120.77314167745067 31.59296913605831 2.02561879158020 0.00000000000000 0 0 0 0 0 0 0.00000000000000
20 120.77313915108658 31.59297317735285 2.02546334266663 0.00000000000000 0 0 0 0 0 0 0.00000000000000
21 120.77313667335362 31.59297758108583 2.02397537231445 0.00000000000000 0 0 0 0 0 0 0.00000000000000
22 120.77313352058052 31.59298212635092 2.02558159828186 0.00000000000000 0 0 0 0 0 0 0.00000000000000
23 120.77313095535146 31.59298659386288 2.03671622276306 0.00000000000000 0 0 0 0 0 0 0.00000000000000
24 120.77312781739174 31.59299058879605 2.04172372817993 0.00000000000000 0 0 0 0 0 0 0.00000000000000
25 120.77312488264954 31.59299497037358 2.04879140853882 0.00000000000000 0 0 0 0 0 0 0.00000000000000
26 120.77312164220660 31.59299915010953 2.06528258323669 0.00000000000000 0 0 0 0 0 0 0.00000000000000
27 120.77311867764681 31.59300310570078 2.07840371131897 0.00000000000000 0 0 0 0 0 0 0.00000000000000
28 120.77311526050291 31.59300740209113 2.08637309074402 0.00000000000000 0 0 0 0 0 0 0.00000000000000
29 120.77311240285249 31.59301148824128 2.07242584228516 0.00000000000000 0 0 0 0 0 0 0.00000000000000
30 120.77310996957874 31.59301599396343 2.06361150741577 0.00000000000000 0 0 0 0 0 0 0.00000000000000
31 120.77310731105311 31.59302053056567 2.05343770980835 0.00000000000000 0 0 0 0 0 0 0.00000000000000
32 120.77310447931026 31.59302499540977 2.04629611968994 0.00000000000000 0 0 0 0 0 0 0.00000000000000
33 120.77310195114427 31.59302914228159 2.04008150100708 0.00000000000000 0 0 0 0 0 0 0.00000000000000
34 120.77309970450816 31.59303344755370 2.03207349777222 0.00000000000000 0 0 0 0 0 0 0.00000000000000
35 120.77309707728976 31.59303771825248 2.02164888381958 0.00000000000000 0 0 0 0 0 0 0.00000000000000
36 120.77309451044889 31.59304272873512 2.01983070373535 0.00000000000000 0 0 0 0 0 0 0.00000000000000
37 120.77309257320201 31.59304712677418 2.01132559776306 0.00000000000000 0 0 0 0 0 0 0.00000000000000
38 120.77309007128723 31.59305156910014 2.01192092895508 0.00000000000000 0 0 0 0 0 0 0.00000000000000
39 120.77308744370522 31.59305613367205 2.01213312149048 0.00000000000000 0 0 0 0 0 0 0.00000000000000
40 120.77308486904302 31.59306059706400 2.00868415832520 0.00000000000000 0 0 0 0 0 0 0.00000000000000
41 120.77308219546424 31.59306482715356 2.00833129882812 0.00000000000000 0 0 0 0 0 0 0.00000000000000
42 120.77307922606005 31.59306978407196 2.01195168495178 0.00000000000000 0 0 0 0 0 0 0.00000000000000
43 120.77307611696112 31.59307459917551 2.01220488548279 0.00000000000000 0 0 0 0 0 0 0.00000000000000
44 120.77307306738288 31.59307932133312 2.01707077026367 0.00000000000000 0 0 0 0 0 0 0.00000000000000
45 120.77306985102665 31.59308435253190 2.02124500274658 0.00000000000000 0 0 0 0 0 0 0.00000000000000
46 120.77306734121900 31.59308832685734 2.02494192123413 0.00000000000000 0 0 0 0 0 0 0.00000000000000
47 120.77306453484134 31.59309249377326 2.02665758132935 0.00000000000000 0 0 0 0 0 0 0.00000000000000
48 120.77306195715522 31.59309663594690 2.02219152450562 0.00000000000000 0 0 0 0 0 0 0.00000000000000
49 120.77305866649598 31.59310172078188 2.02550029754639 0.00000000000000 0 0 0 0 0 0 0.00000000000000
50 120.77305575808708 31.59310602160838 2.03217649459839 0.00000000000000 0 0 0 0 0 0 0.00000000000000
51 120.77305294770596 31.59311069283129 2.03115487098694 0.00000000000000 0 0 0 0 0 0 0.00000000000000
52 120.77305002271649 31.59311487426511 2.03619837760925 0.00000000000000 0 0 0 0 0 0 0.00000000000000
53 120.77304758539287 31.59311901243228 2.03854537010193 0.00000000000000 0 0 0 0 0 0 0.00000000000000
54 120.77304448835420 31.59312389800407 2.05478167533875 0.00000000000000 0 0 0 0 0 0 0.00000000000000
55 120.77304060495855 31.59312793181669 2.08319854736328 0.00000000000000 0 0 0 0 0 0 0.00000000000000
56 120.77303609493427 31.59313225691515 2.12409734725952 0.00000000000000 0 0 0 0 0 0 0.00000000000000
57 120.77303194357361 31.59313575775111 2.15904402732849 0.00000000000000 0 0 0 0 0 0 0.00000000000000
58 120.77302749408015 31.59313988159794 2.20046710968018 0.00000000000000 0 0 0 0 0 0 0.00000000000000
59 120.77302261760440 31.59314375535645 2.23993206024170 0.00000000000000 0 0 0 0 0 0 0.00000000000000
60 120.77301812975905 31.59314697037837 2.27318978309631 0.00000000000000 0 0 0 0 0 0 0.00000000000000
61 120.77301322533863 31.59315031472991 2.31578373908997 0.00000000000000 0 0 0 0 0 0 0.00000000000000
62 120.77300793655031 31.59315306286479 2.36033058166504 0.00000000000000 0 0 0 0 0 0 0.00000000000000
63 120.77300313147036 31.59315514293825 2.40094637870789 0.00000000000000 0 0 0 0 0 0 0.00000000000000
64 120.77299803313180 31.59315697401333 2.45727014541626 0.00000000000000 0 0 0 0 0 0 0.00000000000000
65 120.77299239053917 31.59315859909279 2.51829242706299 0.00000000000000 0 0 0 0 0 0 0.00000000000000
66 120.77298633779883 31.59316018523058 2.57736968994141 0.00000000000000 0 0 0 0 0 0 0.00000000000000
67 120.77298007755859 31.59316180173503 2.62986469268799 0.00000000000000 0 0 0 0 0 0 0.00000000000000
68 120.77297439907395 31.59316295523305 2.67950844764709 0.00000000000000 0 0 0 0 0 0 0.00000000000000
69 120.77296795846861 31.59316423289433 2.75045466423035 0.00000000000000 0 0 0 0 0 0 0.00000000000000
70 120.77296220719340 31.59316464871311 2.80721998214722 0.00000000000000 0 0 0 0 0 0 0.00000000000000
71 120.77295684903952 31.59316486160463 2.85976219177246 0.00000000000000 0 0 0 0 0 0 0.00000000000000
72 120.77295097870382 31.59316481138104 2.91612243652344 0.00000000000000 0 0 0 0 0 0 0.00000000000000
73 120.77294482563303 31.59316439477498 2.97505617141724 0.00000000000000 0 0 0 0 0 0 0.00000000000000
74 120.77293850037371 31.59316369149259 3.03315496444702 0.00000000000000 0 0 0 0 0 0 0.00000000000000
75 120.77293208629651 31.59316269486229 3.09345817565918 0.00000000000000 0 0 0 0 0 0 0.00000000000000
76 120.77292692685391 31.59316166372998 3.13968515396118 0.00000000000000 0 0 0 0 0 0 0.00000000000000
77 120.77292181698490 31.59316018859925 3.19909477233887 0.00000000000000 0 0 0 0 0 0 0.00000000000000
78 120.77291547524278 31.59315806788547 3.25881004333496 0.00000000000000 0 0 0 0 0 0 0.00000000000000
79 120.77291045158813 31.59315611631995 3.30026221275330 0.00000000000000 0 0 0 0 0 0 0.00000000000000
80 120.77290421537919 31.59315366419727 3.36019730567932 0.00000000000000 0 0 0 0 0 0 0.00000000000000
81 120.77289862055027 31.59315129301407 3.40080523490906 0.00000000000000 0 0 0 0 0 0 0.00000000000000
82 120.77289372888845 31.59314861807196 3.43841981887817 0.00000000000000 0 0 0 0 0 0 0.00000000000000
83 120.77288863780983 31.59314619793706 3.46812701225281 0.00000000000000 0 0 0 0 0 0 0.00000000000000
84 120.77288264202814 31.59314400184795 3.49815940856934 0.00000000000000 0 0 0 0 0 0 0.00000000000000
85 120.77287745580213 31.59314173790051 3.52156567573547 0.00000000000000 0 0 0 0 0 0 0.00000000000000
86 120.77287211065421 31.59313907942943 3.54224801063538 0.00000000000000 0 0 0 0 0 0 0.00000000000000
87 120.77286662535498 31.59313654095879 3.55859255790710 0.00000000000000 0 0 0 0 0 0 0.00000000000000
88 120.77286140291274 31.59313420431491 3.57420086860657 0.00000000000000 0 0 0 0 0 0 0.00000000000000
89 120.77285625109542 31.59313148766146 3.58247566223145 0.00000000000000 0 0 0 0 0 0 0.00000000000000
90 120.77285047880034 31.59312831298692 3.59197711944580 0.00000000000000 0 0 0 0 0 0 0.00000000000000
91 120.77284575259118 31.59312610460390 3.59839248657227 0.00000000000000 0 0 0 0 0 0 0.00000000000000
92 120.77284090004673 31.59312399197737 3.60240101814270 0.00000000000000 0 0 0 0 0 0 0.00000000000000
93 120.77283605822717 31.59312161916527 3.60495328903198 0.00000000000000 0 0 0 0 0 0 0.00000000000000
94 120.77283122139347 31.59311918078448 3.60785722732544 0.00000000000000 0 0 0 0 0 0 0.00000000000000
95 120.77282641074122 31.59311675076432 3.61335825920105 0.00000000000000 0 0 0 0 0 0 0.00000000000000
96 120.77282178303165 31.59311445171189 3.61889028549194 0.00000000000000 0 0 0 0 0 0 0.00000000000000
97 120.77281628644948 31.59311161709834 3.63115143775940 0.00000000000000 0 0 0 0 0 0 0.00000000000000
98 120.77281101537773 31.59310835595585 3.66243267059326 0.00000000000000 0 0 0 0 0 0 0.00000000000000
99 120.77280703882630 31.59310512191526 3.73232507705688 0.00000000000000 0 0 0 0 0 0 0.00000000000000
100 120.77280297834355 31.59310030417076 3.82613897323608 0.00000000000000 0 0 0 0 0 0 0.00000000000000
101 120.77280012608770 31.59309624743494 3.91212630271912 0.00000000000000 0 0 0 0 0 0 0.00000000000000
102 120.77279753578419 31.59309196228565 3.98143959045410 0.00000000000000 0 0 0 0 0 0 0.00000000000000
103 120.77279533531336 31.59308757363794 4.06371784210205 0.00000000000000 0 0 0 0 0 0 0.00000000000000
104 120.77279347832810 31.59308330483399 4.12333440780640 0.00000000000000 0 0 0 0 0 0 0.00000000000000
105 120.77279178615585 31.59307878044615 4.19230270385742 0.00000000000000 0 0 0 0 0 0 0.00000000000000
106 120.77279029740659 31.59307431055383 4.28099536895752 0.00000000000000 0 0 0 0 0 0 0.00000000000000
107 120.77278938492732 31.59306923585023 4.37375211715698 0.00000000000000 0 0 0 0 0 0 0.00000000000000
108 120.77278988953351 31.59306452680269 4.47998809814453 0.00000000000000 0 0 0 0 0 0 0.00000000000000
109 120.77279160722041 31.59305995722887 4.59320592880249 0.00000000000000 0 0 0 0 0 0 0.00000000000000
110 120.77279416115789 31.59305509774913 4.68989229202271 0.00000000000000 0 0 0 0 0 0 0.00000000000000
111 120.77279680648174 31.59305073503038 -1.49068105220795 0.00000000000000 0 0 0 0 0 0 0.00000000000000
112 120.77280005090748 31.59304598190151 -1.36503529548645 0.00000000000000 0 0 0 0 0 0 0.00000000000000
113 120.77280290385696 31.59304212494531 -1.31343007087708 0.00000000000000 0 0 0 0 0 0 0.00000000000000
114 120.77280783424520 31.59303760596811 -1.23752331733704 0.00000000000000 0 0 0 0 0 0 0.00000000000000
115 120.77281196694433 31.59303294392728 -1.17020714282990 0.00000000000000 0 0 0 0 0 0 0.00000000000000
116 120.77281578905260 31.59302867986758 -1.12005758285522 0.00000000000000 0 0 0 0 0 0 0.00000000000000
117 120.77281957757212 31.59302439215362 -1.08084797859192 0.00000000000000 0 0 0 0 0 0 0.00000000000000
118 120.77282279126911 31.59302035306079 -1.07229363918304 0.00000000000000 0 0 0 0 0 0 0.00000000000000
119 120.77282588816360 31.59301614552727 -1.06830859184265 0.00000000000000 0 0 0 0 0 0 0.00000000000000
120 120.77282953994580 31.59301093288861 -1.07170057296753 0.00000000000000 0 0 0 0 0 0 0.00000000000000
121 120.77283227014370 31.59300684061522 -1.07606053352356 0.00000000000000 0 0 0 0 0 0 0.00000000000000
122 120.77283535301558 31.59300211129036 -1.07929885387421 0.00000000000000 0 0 0 0 0 0 0.00000000000000
123 120.77283839036441 31.59299750619758 -1.08067119121552 0.00000000000000 0 0 0 0 0 0 0.00000000000000
124 120.77284134502111 31.59299305957449 -1.08011972904205 0.00000000000000 0 0 0 0 0 0 0.00000000000000
125 120.77284408767663 31.59298894184819 -1.08037209510803 0.00000000000000 0 0 0 0 0 0 0.00000000000000
126 120.77284696529081 31.59298473917036 -1.08147454261780 0.00000000000000 0 0 0 0 0 0 0.00000000000000
127 120.77284975395334 31.59298059411106 -1.08212757110596 0.00000000000000 0 0 0 0 0 0 0.00000000000000
128 120.77285274496717 31.59297603760679 -1.08331847190857 0.00000000000000 0 0 0 0 0 0 0.00000000000000
129 120.77285563716444 31.59297164775830 -1.08960723876953 0.00000000000000 0 0 0 0 0 0 0.00000000000000
130 120.77285835620533 31.59296707842537 -1.09899306297302 0.00000000000000 0 0 0 0 0 0 0.00000000000000
131 120.77286085148106 31.59296277284769 -1.10539829730988 0.00000000000000 0 0 0 0 0 0 0.00000000000000
132 120.77286387668188 31.59295758920971 -1.11581146717072 0.00000000000000 0 0 0 0 0 0 0.00000000000000
133 120.77286675448980 31.59295237669690 -1.12355244159698 0.00000000000000 0 0 0 0 0 0 0.00000000000000
134 120.77286956487227 31.59294745633196 -1.13542628288269 0.00000000000000 0 0 0 0 0 0 0.00000000000000
135 120.77287206159299 31.59294295895975 -1.14227414131165 0.00000000000000 0 0 0 0 0 0 0.00000000000000
136 120.77287439747676 31.59293865437098 -1.14717817306519 0.00000000000000 0 0 0 0 0 0 0.00000000000000
137 120.77287694814444 31.59293399379639 -1.15205872058868 0.00000000000000 0 0 0 0 0 0 0.00000000000000
138 120.77287949174341 31.59292928856175 -1.15616548061371 0.00000000000000 0 0 0 0 0 0 0.00000000000000
139 120.77288226746720 31.59292405911575 -1.15661048889160 0.00000000000000 0 0 0 0 0 0 0.00000000000000
140 120.77288515235692 31.59291898572253 -1.15723967552185 0.00000000000000 0 0 0 0 0 0 0.00000000000000
141 120.77288759007098 31.59291471306258 -1.15784454345703 0.00000000000000 0 0 0 0 0 0 0.00000000000000
142 120.77289014343508 31.59291023253483 -1.15857493877411 0.00000000000000 0 0 0 0 0 0 0.00000000000000
143 120.77289262097132 31.59290557276951 -1.15819561481476 0.00000000000000 0 0 0 0 0 0 0.00000000000000
144 120.77289488149182 31.59290148333038 -1.15776300430298 0.00000000000000 0 0 0 0 0 0 0.00000000000000
145 120.77289783310350 31.59289632443674 -1.15807986259460 0.00000000000000 0 0 0 0 0 0 0.00000000000000
146 120.77290042413773 31.59289177637743 -1.15870893001556 0.00000000000000 0 0 0 0 0 0 0.00000000000000
147 120.77290272907703 31.59288754085438 -1.15908610820770 0.00000000000000 0 0 0 0 0 0 0.00000000000000
148 120.77290554550102 31.59288249129618 -1.15891504287720 0.00000000000000 0 0 0 0 0 0 0.00000000000000
149 120.77290802325139 31.59287817715339 -1.15983176231384 0.00000000000000 0 0 0 0 0 0 0.00000000000000
150 120.77291079267080 31.59287333633953 -1.16006147861481 0.00000000000000 0 0 0 0 0 0 0.00000000000000
151 120.77291319126367 31.59286899094253 -1.15962636470795 0.00000000000000 0 0 0 0 0 0 0.00000000000000
152 120.77291565602386 31.59286434711073 -1.16174530982971 0.00000000000000 0 0 0 0 0 0 0.00000000000000
153 120.77291801817027 31.59285991661872 -1.16835832595825 0.00000000000000 0 0 0 0 0 0 0.00000000000000
154 120.77292001910683 31.59285480232337 -1.19645726680756 0.00000000000000 0 0 0 0 0 0 0.00000000000000
155 120.77292164275678 31.59284970149403 -1.23157668113708 0.00000000000000 0 0 0 0 0 0 0.00000000000000
156 120.77292235658207 31.59284475873016 -1.28852891921997 0.00000000000000 0 0 0 0 0 0 0.00000000000000
157 120.77292962532162 31.59284304350696 -1.32973408699036 0.00000000000000 0 0 0 0 0 0 0.00000000000000
158 120.77292885691924 31.59283770251219 -1.43310463428497 0.00000000000000 0 0 0 0 0 0 0.00000000000000
159 120.77292788022133 31.59283249683424 -1.51579964160919 0.00000000000000 0 0 0 0 0 0 0.00000000000000
160 120.77292597010563 31.59282794431986 4.67094802856445 0.00000000000000 0 0 0 0 0 0 0.00000000000000
161 120.77292324053114 31.59282366773556 4.58886861801147 0.00000000000000 0 0 0 0 0 0 0.00000000000000
162 120.77292053803609 31.59281965713961 4.48064661026001 0.00000000000000 0 0 0 0 0 0 0.00000000000000
163 120.77291719161711 31.59281575637609 4.40134334564209 0.00000000000000 0 0 0 0 0 0 0.00000000000000
164 120.77291375509171 31.59281232355668 4.30950546264648 0.00000000000000 0 0 0 0 0 0 0.00000000000000
165 120.77290908909292 31.59280918720655 4.19784402847290 0.00000000000000 0 0 0 0 0 0 0.00000000000000
166 120.77290450871044 31.59280624314551 4.09811067581177 0.00000000000000 0 0 0 0 0 0 0.00000000000000
167 120.77289936307935 31.59280355949700 4.01356697082520 0.00000000000000 0 0 0 0 0 0 0.00000000000000
168 120.77289460576912 31.59280127586743 3.92416286468506 0.00000000000000 0 0 0 0 0 0 0.00000000000000
169 120.77288963062514 31.59279927800311 3.85535836219788 0.00000000000000 0 0 0 0 0 0 0.00000000000000
170 120.77288451132439 31.59279716706195 3.78598475456238 0.00000000000000 0 0 0 0 0 0 0.00000000000000
171 120.77287942151317 31.59279524283285 3.73089528083801 0.00000000000000 0 0 0 0 0 0 0.00000000000000
172 120.77287465785125 31.59279327995419 3.70156621932983 0.00000000000000 0 0 0 0 0 0 0.00000000000000
173 120.77286913389753 31.59279122122242 3.65930342674255 0.00000000000000 0 0 0 0 0 0 0.00000000000000
174 120.77286420108047 31.59278933809397 3.63564014434814 0.00000000000000 0 0 0 0 0 0 0.00000000000000
175 120.77285894319876 31.59278728708581 3.61228680610657 0.00000000000000 0 0 0 0 0 0 0.00000000000000
176 120.77285376779743 31.59278522133832 3.60016107559204 0.00000000000000 0 0 0 0 0 0 0.00000000000000
177 120.77284883603735 31.59278316789304 3.58615303039551 0.00000000000000 0 0 0 0 0 0 0.00000000000000
178 120.77284341921067 31.59278107268416 3.57977032661438 0.00000000000000 0 0 0 0 0 0 0.00000000000000
179 120.77283848769068 31.59277910068963 3.57369542121887 0.00000000000000 0 0 0 0 0 0 0.00000000000000
180 120.77283323770834 31.59277694087372 3.56413745880127 0.00000000000000 0 0 0 0 0 0 0.00000000000000
181 120.77282820927695 31.59277523007036 3.54721379280090 0.00000000000000 0 0 0 0 0 0 0.00000000000000
182 120.77282238452641 31.59277344943083 3.51916909217834 0.00000000000000 0 0 0 0 0 0 0.00000000000000
183 120.77281619653100 31.59277212909501 3.47392845153809 0.00000000000000 0 0 0 0 0 0 0.00000000000000
184 120.77281060148415 31.59277182816720 3.41999053955078 0.00000000000000 0 0 0 0 0 0 0.00000000000000
185 120.77280528412550 31.59277201973834 3.34239363670349 0.00000000000000 0 0 0 0 0 0 0.00000000000000
186 120.77279990808736 31.59277247854209 3.28564453125000 0.00000000000000 0 0 0 0 0 0 0.00000000000000
187 120.77279456539458 31.59277302218970 3.21397352218628 0.00000000000000 0 0 0 0 0 0 0.00000000000000
188 120.77278913843000 31.59277422213123 3.13180041313171 0.00000000000000 0 0 0 0 0 0 0.00000000000000
189 120.77278382418874 31.59277658422576 3.01997208595276 0.00000000000000 0 0 0 0 0 0 0.00000000000000
190 120.77277897021271 31.59277903013719 2.94777226448059 0.00000000000000 0 0 0 0 0 0 0.00000000000000
191 120.77277469383192 31.59278191078862 2.85654306411743 0.00000000000000 0 0 0 0 0 0 0.00000000000000
192 120.77277059135474 31.59278510205714 2.76761174201965 0.00000000000000 0 0 0 0 0 0 0.00000000000000
193 120.77276660736798 31.59278820670544 2.68254995346069 0.00000000000000 0 0 0 0 0 0 0.00000000000000
194 120.77276294180218 31.59279197181739 2.58771872520447 0.00000000000000 0 0 0 0 0 0 0.00000000000000
195 120.77275965274725 31.59279552203359 2.52352643013000 0.00000000000000 0 0 0 0 0 0 0.00000000000000
196 120.77275647722580 31.59279956672273 2.42784333229065 0.00000000000000 0 0 0 0 0 0 0.00000000000000
197 120.77275353355785 31.59280394723194 2.36336421966553 0.00000000000000 0 0 0 0 0 0 0.00000000000000
198 120.77275059952315 31.59280825094395 2.30186724662781 0.00000000000000 0 0 0 0 0 0 0.00000000000000
199 120.77274759535804 31.59281260398433 2.24955582618713 0.00000000000000 0 0 0 0 0 0 0.00000000000000
200 120.77274478780970 31.59281655689270 2.21389293670654 0.00000000000000 0 0 0 0 0 0 0.00000000000000
201 120.77274190252889 31.59282112694764 2.17576479911804 0.00000000000000 0 0 0 0 0 0 0.00000000000000
202 120.77273913120092 31.59282539775377 2.14757800102234 0.00000000000000 0 0 0 0 0 0 0.00000000000000
203 120.77273626348446 31.59282961141774 2.13377118110657 0.00000000000000 0 0 0 0 0 0 0.00000000000000
204 120.77273346225560 31.59283370577920 2.11790609359741 0.00000000000000 0 0 0 0 0 0 0.00000000000000
205 120.77273044351321 31.59283835216545 2.10399365425110 0.00000000000000 0 0 0 0 0 0 0.00000000000000
206 120.77272745084652 31.59284281577966 2.09247040748596 0.00000000000000 0 0 0 0 0 0 0.00000000000000
207 120.77272435022064 31.59284742915544 2.08120727539062 0.00000000000000 0 0 0 0 0 0 0.00000000000000
208 120.77272183153433 31.59285155768093 2.06977081298828 0.00000000000000 0 0 0 0 0 0 0.00000000000000
209 120.77271906809052 31.59285618364546 2.06149578094482 0.00000000000000 0 0 0 0 0 0 0.00000000000000
210 120.77271649898876 31.59286014142967 2.05426001548767 0.00000000000000 0 0 0 0 0 0 0.00000000000000
211 120.77271355847384 31.59286468515597 2.04935693740845 0.00000000000000 0 0 0 0 0 0 0.00000000000000
212 120.77271075141154 31.59286916791016 2.04535722732544 0.00000000000000 0 0 0 0 0 0 0.00000000000000
213 120.77270799669172 31.59287358575623 2.04222488403320 0.00000000000000 0 0 0 0 0 0 0.00000000000000
214 120.77270517710114 31.59287820536866 2.03661656379700 0.00000000000000 0 0 0 0 0 0 0.00000000000000
215 120.77270270613361 31.59288222004752 2.03340291976929 0.00000000000000 0 0 0 0 0 0 0.00000000000000
216 120.77270019123553 31.59288628731049 2.03057384490967 0.00000000000000 0 0 0 0 0 0 0.00000000000000
217 120.77269732801605 31.59289109228963 2.02781891822815 0.00000000000000 0 0 0 0 0 0 0.00000000000000
218 120.77269457561900 31.59289560226751 2.02560782432556 0.00000000000000 0 0 0 0 0 0 0.00000000000000
219 120.77269202205937 31.59289999910978 2.02319526672363 0.00000000000000 0 0 0 0 0 0 0.00000000000000
220 120.77268937663926 31.59290437615299 2.02048420906067 0.00000000000000 0 0 0 0 0 0 0.00000000000000
221 120.77268674108197 31.59290873621080 2.01815962791443 0.00000000000000 0 0 0 0 0 0 0.00000000000000
222 120.77268427443482 31.59291297021192 2.01691436767578 0.00000000000000 0 0 0 0 0 0 0.00000000000000
223 120.77268127769049 31.59291782325223 2.01186108589172 0.00000000000000 0 0 0 0 0 0 0.00000000000000
224 120.77267874704998 31.59292233528831 2.00791811943054 0.00000000000000 0 0 0 0 0 0 0.00000000000000
225 120.77267596797564 31.59292698846700 2.00665330886841 0.00000000000000 0 0 0 0 0 0 0.00000000000000
226 120.77267332103577 31.59293147722394 2.00810170173645 0.00000000000000 0 0 0 0 0 0 0.00000000000000
227 120.77267060051763 31.59293586150420 2.00951647758484 0.00000000000000 0 0 0 0 0 0 0.00000000000000
228 120.77266766304069 31.59294061434336 2.01150441169739 0.00000000000000 0 0 0 0 0 0 0.00000000000000
229 120.77266543181096 31.59294541454499 2.01040649414062 0.00000000000000 0 0 0 0 0 0 0.00000000000000
230 120.77266298319661 31.59294963145027 2.01100873947144 0.00000000000000 0 0 0 0 0 0 0.00000000000000
231 120.77266040401855 31.59295374693994 2.01210117340088 0.00000000000000 0 0 0 0 0 0 0.00000000000000
232 120.77265744572104 31.59295864984241 2.01320457458496 0.00000000000000 0 0 0 0 0 0 0.00000000000000
233 120.77265500826996 31.59296270799268 2.01426649093628 0.00000000000000 0 0 0 0 0 0 0.00000000000000
234 120.77265238829013 31.59296697649283 2.01524877548218 0.00000000000000 0 0 0 0 0 0 0.00000000000000
235 120.77264941034403 31.59297162362529 2.01702737808228 0.00000000000000 0 0 0 0 0 0 0.00000000000000
236 120.77264656052793 31.59297641382522 2.01883125305176 0.00000000000000 0 0 0 0 0 0 0.00000000000000
237 120.77264412512102 31.59298054930762 2.01912236213684 0.00000000000000 0 0 0 0 0 0 0.00000000000000
238 120.77264148670082 31.59298460841823 2.02016496658325 0.00000000000000 0 0 0 0 0 0 0.00000000000000
239 120.77263896540742 31.59298860650026 2.02043843269348 0.00000000000000 0 0 0 0 0 0 0.00000000000000
