Id Lon Lat heading curvature mode SpeedMode EventMode LaneNum LaneSeq LaneWidth
0 120.77480586265472 31.59277757340054 2.11819529533386 0.15770964324474 10 5 0 0 1 3.00000000000000
1 120.77480290484236 31.59278145485739 2.11836242675781 -0.00098122062627 10 5 0 0 1 3.00000000000000
2 120.77479995326226 31.59278532579951 2.11818742752075 0.00026491019526 10 5 0 0 1 3.00000000000000
3 120.77479705779773 31.59278911517169 2.11775231361389 0.00430190190673 10 5 0 0 1 3.00000000000000
4 120.77479411085338 31.59279294055396 2.11830449104309 -0.00159130105749 10 5 0 0 1 3.00000000000000
5 120.77479118511908 31.59279674152298 2.11908435821533 -0.00452490942553 10 5 0 0 1 3.00000000000000
6 120.77478811004931 31.59280057215889 2.12034845352173 -0.00292780110613 10 5 0 0 1 3.00000000000000
7 120.77478503599869 31.59280461117876 2.12183833122253 -0.00036540030851 10 5 0 0 1 3.00000000000000
8 120.77478200055658 31.59280861461801 2.12360739707947 -0.00790125224739 10 5 0 0 1 3.00000000000000
9 120.77477880405823 31.59281268832520 2.12577533721924 -0.00499750301242 10 5 0 0 1 3.00000000000000
10 120.77477561023946 31.59281668132589 2.12782835960388 -0.00579507043585 10 5 0 0 1 3.00000000000000
11 120.77477235959299 31.59282052290018 2.13231945037842 -0.00660979701206 10 5 0 0 1 3.00000000000000
12 120.77476921130076 31.59282427242355 2.13765835762024 -0.00967187993228 10 5 0 0 1 3.00000000000000
13 120.77476576061305 31.59282824963715 2.14366245269775 -0.01191144157201 10 5 0 0 1 3.00000000000000
14 120.77476233978908 31.59283207594324 2.15161037445068 -0.01353345438838 10 5 0 0 1 3.00000000000000
15 120.77475891516536 31.59283571205474 2.16016936302185 -0.01813982240856 10 5 0 0 1 3.00000000000000
16 120.77475518318511 31.59283956703715 2.17194628715515 -0.02307614684105 10 5 0 0 1 3.00000000000000
17 120.77475150260869 31.59284323446877 2.18594932556152 -0.02741941995919 10 5 0 0 1 3.00000000000000
18 120.77474787135458 31.59284670345560 2.20079636573792 -0.02687517367303 10 5 0 0 1 3.00000000000000
19 120.77474394293915 31.59285039080701 2.21647930145264 -0.02712698467076 10 5 0 0 1 3.00000000000000
20 120.77474009197222 31.59285386887798 2.23138141632080 -0.02807460725307 10 5 0 0 1 3.00000000000000
21 120.77473638064068 31.59285715078144 2.24600338935852 -0.02473646402359 10 5 0 0 1 3.00000000000000
22 120.77473233718106 31.59286059890219 2.26102232933044 -0.02562883310020 10 5 0 0 1 3.00000000000000
23 120.77472843848929 31.59286386947231 2.27604746818542 -0.02775145322084 10 5 0 0 1 3.00000000000000
24 120.77472421220186 31.59286730173103 2.29187631607056 -0.02975663729012 10 5 0 0 1 3.00000000000000
25 120.77471985885188 31.59287068675331 2.30793642997742 -0.02667860314250 10 5 0 0 1 3.00000000000000
26 120.77471567576735 31.59287387837097 2.32301449775696 -0.02888950705528 10 5 0 0 1 3.00000000000000
27 120.77471164675858 31.59287686015125 2.33761334419250 -0.03014225885272 10 5 0 0 1 3.00000000000000
28 120.77470752615058 31.59287979341517 2.35226845741272 -0.02684039622545 10 5 0 0 1 3.00000000000000
29 120.77470308192885 31.59288288418837 2.36731028556824 -0.02964989282191 10 5 0 0 1 3.00000000000000
30 120.77469884536067 31.59288575330618 2.38191246986389 -0.02680497057736 10 5 0 0 1 3.00000000000000
31 120.77469424336731 31.59288872797262 2.39782333374023 -0.02722542360425 10 5 0 0 1 3.00000000000000
32 120.77468986956606 31.59289147694858 2.41214537620544 -0.03043565899134 10 5 0 0 1 3.00000000000000
33 120.77468547055844 31.59289418693977 2.42751145362854 -0.02863107807934 10 5 0 0 1 3.00000000000000
34 120.77468073708151 31.59289698190933 2.44371628761292 -0.02979534678161 10 5 0 0 1 3.00000000000000
35 120.77467624702528 31.59289955115412 2.45786547660828 -0.02843593433499 10 5 0 0 1 3.00000000000000
36 120.77467169845299 31.59290202678133 2.47356629371643 -0.02923327498138 10 5 0 0 1 3.00000000000000
37 120.77466684545085 31.59290460054614 2.48935532569885 -0.03005007468164 10 5 0 0 1 3.00000000000000
38 120.77466226692333 31.59290698987341 2.50406432151794 -0.02756360173225 10 5 0 0 1 3.00000000000000
39 120.77465767386636 31.59290933338236 2.51872634887695 -0.02830543741584 10 5 0 0 1 3.00000000000000
40 120.77465273999306 31.59291173686394 2.53358435630798 -0.02900249883533 10 5 0 0 1 3.00000000000000
41 120.77464806231805 31.59291392416565 2.54790639877319 -0.02776198089123 10 5 0 0 1 3.00000000000000
42 120.77464304246431 31.59291616628084 2.56409835815430 -0.03071702271700 10 5 0 0 1 3.00000000000000
43 120.77463830681889 31.59291822324586 2.57999229431152 -0.03346546739340 10 5 0 0 1 3.00000000000000
44 120.77463355623064 31.59292021464123 2.59621930122375 -0.02978235110641 10 5 0 0 1 3.00000000000000
45 120.77462849716518 31.59292223894411 2.61252832412720 -0.02967821806669 10 5 0 0 1 3.00000000000000
46 120.77462311337405 31.59292427818752 2.63002038002014 -0.03253592923284 10 5 0 0 1 3.00000000000000
47 120.77461802447431 31.59292614061205 2.64580535888672 -0.03034320473671 10 5 0 0 1 3.00000000000000
48 120.77461263823039 31.59292801717239 2.66283440589905 -0.03084840811789 10 5 0 0 1 3.00000000000000
49 120.77460725133578 31.59292978956973 2.67962336540222 -0.03168471157551 10 5 0 0 1 3.00000000000000
50 120.77460218650462 31.59293138929268 2.69506549835205 -0.03165554627776 10 5 0 0 1 3.00000000000000
51 120.77459684898281 31.59293299524858 2.71194338798523 -0.03281863778830 10 5 0 0 1 3.00000000000000
52 120.77459182904602 31.59293442980485 2.72728228569031 -0.03067762590945 10 5 0 0 1 3.00000000000000
53 120.77458653081287 31.59293585919207 2.74351835250854 -0.03016964904964 10 5 0 0 1 3.00000000000000
54 120.77458096456239 31.59293730019971 2.76009535789490 -0.03369267657399 10 5 0 0 1 3.00000000000000
55 120.77457572278217 31.59293856628286 2.77551031112671 -0.02944779768586 10 5 0 0 1 3.00000000000000
56 120.77457020644503 31.59293981473349 2.79197740554810 -0.03026839531958 10 5 0 0 1 3.00000000000000
57 120.77456499344629 31.59294090801913 2.80664944648743 -0.02958058379591 10 5 0 0 1 3.00000000000000
58 120.77455951896408 31.59294200833908 2.82359433174133 -0.02992654964328 10 5 0 0 1 3.00000000000000
59 120.77455436365813 31.59294299148510 2.83808135986328 -0.03101986832917 10 5 0 0 1 3.00000000000000
60 120.77454864122784 31.59294396006585 2.85526847839355 -0.02998557314277 10 5 0 0 1 3.00000000000000
61 120.77454324174215 31.59294482399773 2.87088727951050 -0.03130139410496 10 5 0 0 1 3.00000000000000
62 120.77453757535486 31.59294561927063 2.88743948936462 -0.02851090021431 10 5 0 0 1 3.00000000000000
63 120.77453221157921 31.59294634281833 2.90342140197754 -0.02830477803946 10 5 0 0 1 3.00000000000000
64 120.77452657231960 31.59294700147571 2.91992139816284 -0.03075616247952 10 5 0 0 1 3.00000000000000
65 120.77452122416581 31.59294755137324 2.93575429916382 -0.03032907843590 10 5 0 0 1 3.00000000000000
66 120.77451559871488 31.59294806170555 2.95191431045532 -0.03156825527549 10 5 0 0 1 3.00000000000000
67 120.77451024832554 31.59294844367723 2.96817731857300 -0.02889307215810 10 5 0 0 1 3.00000000000000
68 120.77450459394777 31.59294879647441 2.98511147499084 -0.03193249925971 10 5 0 0 1 3.00000000000000
69 120.77449861471193 31.59294907920311 3.00210928916931 -0.03110378608108 10 5 0 0 1 3.00000000000000
70 120.77449289427618 31.59294924274383 3.01922941207886 -0.02923218347132 10 5 0 0 1 3.00000000000000
71 120.77448715649811 31.59294940850030 3.03475832939148 -0.03002153709531 10 5 0 0 1 3.00000000000000
72 120.77448168604580 31.59294948341839 3.04942440986633 -0.02528627775609 10 5 0 0 1 3.00000000000000
73 120.77447590076322 31.59294942842841 3.06520128250122 -0.02691020257771 10 5 0 0 1 3.00000000000000
74 120.77447038516397 31.59294932972994 3.07965946197510 -0.02869250439107 10 5 0 0 1 3.00000000000000
75 120.77446454062979 31.59294914154318 3.09718728065491 -0.03159658238292 10 5 0 0 1 3.00000000000000
76 120.77445899259915 31.59294890458690 3.11341047286987 -0.03325930982828 10 5 0 0 1 3.00000000000000
77 120.77445372809866 31.59294857398066 3.12949228286743 -0.03236049041152 10 5 0 0 1 3.00000000000000
78 120.77444817341620 31.59294813974075 -3.13620686531067 -0.03373756259680 10 5 0 0 1 3.00000000000000
79 120.77444292380086 31.59294763045369 -3.11942386627197 -0.03514708951116 10 5 0 0 1 3.00000000000000
80 120.77443739806144 31.59294696922321 -3.09995198249817 -0.03713671118021 10 5 0 0 1 3.00000000000000
81 120.77443219172713 31.59294626744999 -3.08162498474121 -0.03842902928591 10 5 0 0 1 3.00000000000000
82 120.77442677066631 31.59294536175672 -3.05922794342041 -0.04438309744000 10 5 0 0 1 3.00000000000000
83 120.77442113062141 31.59294428560895 -3.03429484367371 -0.04469227418303 10 5 0 0 1 3.00000000000000
84 120.77441584579722 31.59294314696113 -3.01046180725098 -0.04891155660152 10 5 0 0 1 3.00000000000000
85 120.77441035156754 31.59294183726115 -2.98563480377197 -0.04521039873362 10 5 0 0 1 3.00000000000000
86 120.77440521005398 31.59294049180024 -2.96200799942017 -0.04833631590009 10 5 0 0 1 3.00000000000000
87 120.77439987942635 31.59293898534208 -2.93734002113342 -0.04812378436327 10 5 0 0 1 3.00000000000000
88 120.77439488977575 31.59293746335347 -2.91418194770813 -0.04634391516447 10 5 0 0 1 3.00000000000000
89 120.77438972345929 31.59293580259650 -2.89116597175598 -0.04425503313541 10 5 0 0 1 3.00000000000000
90 120.77438438439978 31.59293398239975 -2.86870098114014 -0.04103577509522 10 5 0 0 1 3.00000000000000
91 120.77437934770897 31.59293219270909 -2.84836387634277 -0.03941140323877 10 5 0 0 1 3.00000000000000
92 120.77437412637383 31.59293027269289 -2.82939291000366 -0.03147717192769 10 5 0 0 1 3.00000000000000
93 120.77436884766389 31.59292829209499 -2.81198501586914 -0.02922367863357 10 5 0 0 1 3.00000000000000
94 120.77436362936919 31.59292625814332 -2.79645895957947 -0.02707835473120 10 5 0 0 1 3.00000000000000
95 120.77435878634731 31.59292439193477 -2.78576493263245 -0.01736205816269 10 5 0 0 1 3.00000000000000
96 120.77435379038106 31.59292253987321 -2.77863001823425 -0.01142659038305 10 5 0 0 1 3.00000000000000
97 120.77434876979663 31.59292068551783 -2.77357602119446 -0.01050959154963 10 5 0 0 1 3.00000000000000
98 120.77434384100445 31.59291886370825 -2.77038002014160 -0.00924072507769 10 5 0 0 1 3.00000000000000
99 120.77439112890649 31.59282481109403 0.43260237574577 -0.00450629275292 10 5 0 0 1 3.00000000000000
100 120.77439598381493 31.59282686010022 0.43441540002823 -0.00408710399643 10 5 0 0 1 3.00000000000000
101 120.77440091798611 31.59282894464883 0.43481338024139 -0.00183822622057 10 5 0 0 1 3.00000000000000
102 120.77440596174898 31.59283106902011 0.43461838364601 -0.00058383139549 10 5 0 0 1 3.00000000000000
103 120.77441094159208 31.59283316414690 0.43387839198112 -0.00130108895246 10 5 0 0 1 3.00000000000000
104 120.77441573910873 31.59283515726163 0.43242737650871 0.00581361493096 10 5 0 0 1 3.00000000000000
105 120.77442069367684 31.59283718957532 0.42963039875031 0.00759599125013 10 5 0 0 1 3.00000000000000
106 120.77442574123052 31.59283918769827 0.42500138282776 0.01002814620733 10 5 0 0 1 3.00000000000000
107 120.77443079508332 31.59284114283983 0.41886037588120 0.01279553771019 10 5 0 0 1 3.00000000000000
108 120.77443581885207 31.59284300849675 0.41075339913368 0.01760862395167 10 5 0 0 1 3.00000000000000
109 120.77444077481526 31.59284474680653 0.40137839317322 0.01998130790889 10 5 0 0 1 3.00000000000000
110 120.77444612864903 31.59284656318200 0.38918039202690 0.02463273704052 10 5 0 0 1 3.00000000000000
111 120.77445137497445 31.59284820409173 0.37507638335228 0.03272491320968 10 5 0 0 1 3.00000000000000
112 120.77445676783782 31.59284978413405 0.35827440023422 0.03374119475484 10 5 0 0 1 3.00000000000000
113 120.77446202792670 31.59285120610992 0.34082537889481 0.03262105584145 10 5 0 0 1 3.00000000000000
114 120.77446713924390 31.59285249858094 0.32438039779663 0.03148768842220 10 5 0 0 1 3.00000000000000
115 120.77447265851283 31.59285384348513 0.30798938870430 0.03170745819807 10 5 0 0 1 3.00000000000000
116 120.77447800718251 31.59285503693711 0.29092037677765 0.03539745137095 10 5 0 0 1 3.00000000000000
117 120.77448316958724 31.59285611385912 0.27432939410210 0.03543472290039 10 5 0 0 1 3.00000000000000
118 120.77448875507838 31.59285717039906 0.25388640165329 0.03604542464018 10 5 0 0 1 3.00000000000000
119 120.77449416347078 31.59285806785377 0.23462538421154 0.03740372136235 10 5 0 0 1 3.00000000000000
120 120.77449936765942 31.59285884335278 0.21605639159679 0.03483131527901 10 5 0 0 1 3.00000000000000
121 120.77450499583969 31.59285960506678 0.19637039303780 0.03828834742308 10 5 0 0 1 3.00000000000000
122 120.77451037926977 31.59286024011003 0.17714639008045 0.03707590699196 10 5 0 0 1 3.00000000000000
123 120.77451582596869 31.59286080160286 0.15790139138699 0.03566278517246 10 5 0 0 1 3.00000000000000
124 120.77452165328802 31.59286129813155 0.13743138313293 0.03687886893749 10 5 0 0 1 3.00000000000000
125 120.77452716987642 31.59286165742440 0.11803738772869 0.03765539452434 10 5 0 0 1 3.00000000000000
126 120.77453306645859 31.59286193468696 0.09714638441801 0.03699189051986 10 5 0 0 1 3.00000000000000
127 120.77453863895983 31.59286213447974 0.07792738825083 0.03731309622526 10 5 0 0 1 3.00000000000000
128 120.77454424420561 31.59286220395806 0.05812938883901 0.03812298923731 10 5 0 0 1 3.00000000000000
129 120.77454951659190 31.59286216964870 0.03941638767719 0.03891254216433 10 5 0 0 1 3.00000000000000
130 120.77455515590303 31.59286205453146 0.01918838731945 0.03867320716381 10 5 0 0 1 3.00000000000000
131 120.77456043706900 31.59286183302783 -0.00070961198071 0.04068108648062 10 5 0 0 1 3.00000000000000
132 120.77456608068670 31.59286148391227 -0.02157761156559 0.04040434211493 10 5 0 0 1 3.00000000000000
133 120.77457136033900 31.59286106310412 -0.04135161265731 0.04081461578608 10 5 0 0 1 3.00000000000000
134 120.77457700066489 31.59286050997098 -0.06392960995436 0.04244730621576 10 5 0 0 1 3.00000000000000
135 120.77458263945736 31.59285980373855 -0.08723261207342 0.04524106532335 10 5 0 0 1 3.00000000000000
136 120.77458791065712 31.59285898680026 -0.11040461063385 0.04774913564324 10 5 0 0 1 3.00000000000000
137 120.77459352608277 31.59285802338446 -0.13581560552120 0.04965037852526 10 5 0 0 1 3.00000000000000
138 120.77459910727701 31.59285690959438 -0.16304361820221 0.05009428784251 10 5 0 0 1 3.00000000000000
139 120.77460432542821 31.59285574884771 -0.18799760937691 0.04863826930523 10 5 0 0 1 3.00000000000000
140 120.77460984471251 31.59285437197649 -0.21449761092663 0.04904179647565 10 5 0 0 1 3.00000000000000
141 120.77461531782281 31.59285283252463 -0.24269160628319 0.04967710375786 10 5 0 0 1 3.00000000000000
142 120.77462040445005 31.59285127881881 -0.26837760210037 0.05220600590110 10 5 0 0 1 3.00000000000000
143 120.77462576384195 31.59284948382758 -0.29818162322044 0.05368227139115 10 5 0 0 1 3.00000000000000
144 120.77463071744867 31.59284764696562 -0.32673960924149 0.05980567261577 10 5 0 0 1 3.00000000000000
145 120.77463592385357 31.59284554285009 -0.35774761438370 0.05622981488705 10 5 0 0 1 3.00000000000000
146 120.77464104581787 31.59284330560088 -0.38937062025070 0.06027470529079 10 5 0 0 1 3.00000000000000
147 120.77464574669028 31.59284107595579 -0.41949760913849 0.05893327295780 10 5 0 0 1 3.00000000000000
148 120.77465067025631 31.59283855256693 -0.45162060856819 0.05950020253658 10 5 0 0 1 3.00000000000000
149 120.77465549267801 31.59283592563040 -0.48331961035728 0.05953807756305 10 5 0 0 1 3.00000000000000
150 120.77465991113785 31.59283335737011 -0.51365858316422 0.05946839228272 10 5 0 0 1 3.00000000000000
151 120.77466450077738 31.59283050162567 -0.54465860128403 0.06026247516274 10 5 0 0 1 3.00000000000000
152 120.77466867595963 31.59282774001824 -0.57398062944412 0.05869358032942 10 5 0 0 1 3.00000000000000
153 120.77467301507717 31.59282474631134 -0.60315358638763 0.05240316689014 10 5 0 0 1 3.00000000000000
154 120.77467723534787 31.59282168006289 -0.63082063198090 0.05174992606044 10 5 0 0 1 3.00000000000000
155 120.77468158816522 31.59281835513626 -0.65833061933517 0.05072828754783 10 5 0 0 1 3.00000000000000
156 120.77468556455537 31.59281516609506 -0.68325662612915 0.04604903608561 10 5 0 0 1 3.00000000000000
157 120.77468969080529 31.59281172419183 -0.70823359489441 0.04714525490999 10 5 0 0 1 3.00000000000000
158 120.77469345529875 31.59280844270815 -0.73233860731125 0.04678478837013 10 5 0 0 1 3.00000000000000
159 120.77469710811904 31.59280514404034 -0.75479263067245 0.04618668928742 10 5 0 0 1 3.00000000000000
160 120.77470083180881 31.59280158010467 -0.77848362922668 0.04456499963999 10 5 0 0 1 3.00000000000000
161 120.77470462392174 31.59279776301008 -0.80271863937378 0.04243579506874 10 5 0 0 1 3.00000000000000
162 120.77470808246734 31.59279413248630 -0.82491463422775 0.04368553310633 10 5 0 0 1 3.00000000000000
163 120.77471161315063 31.59279025374781 -0.84854060411453 0.04240222647786 10 5 0 0 1 3.00000000000000
164 120.77471479289160 31.59278661696002 -0.86933958530426 0.03930207341909 10 5 0 0 1 3.00000000000000
165 120.77471796950732 31.59278284814021 -0.88852858543396 0.03603024035692 10 5 0 0 1 3.00000000000000
166 120.77472115079571 31.59277898598017 -0.90746659040451 0.03505748882890 10 5 0 0 1 3.00000000000000
167 120.77472427687398 31.59277508596914 -0.92421662807465 0.02705859020352 10 5 0 0 1 3.00000000000000
168 120.77472736920501 31.59277126537599 -0.93567562103271 0.01533858012408 10 5 0 0 1 3.00000000000000
169 120.77473061337064 31.59276728151503 -0.94378060102463 0.01199585199356 10 5 0 0 1 3.00000000000000
170 120.77473362757432 31.59276356487205 -0.94858962297440 0.00709427008405 10 5 0 0 1 3.00000000000000
171 120.77473680439111 31.59275966388993 -0.95174360275269 0.00123353779782 10 5 0 0 1 3.00000000000000
172 120.77473988575348 31.59275580057214 -0.95529258251190 -0.00177599466406 10 5 0 0 1 3.00000000000000
173 120.77559912743581 31.59168035790380 -0.99416559934616 1.24834656715393 10 5 0 0 1 3.00000000000000
174 120.77560221464225 31.59167650672312 -0.99403864145279 0.00323746562935 10 5 0 0 1 3.00000000000000
175 120.77560531593187 31.59167267440049 -0.99359661340714 0.00130238407291 10 5 0 0 1 3.00000000000000
176 120.77560829365277 31.59166893293682 -0.99331760406494 -0.00188096973579 10 5 0 0 1 3.00000000000000
177 120.77561134196932 31.59166512500815 -0.99327063560486 -0.00063372805016 10 5 0 0 1 3.00000000000000
178 120.77561446396967 31.59166117608386 -0.99382960796356 0.00263308570720 10 5 0 0 1 3.00000000000000
179 120.77561742647241 31.59165737584539 -0.99559062719345 0.00932747032493 10 5 0 0 1 3.00000000000000
180 120.77562039795669 31.59165349072981 -0.99920558929443 0.00872743222862 10 5 0 0 1 3.00000000000000
181 120.77562326907774 31.59164956495263 -1.00624763965607 0.01331069227308 10 5 0 0 1 3.00000000000000
182 120.77562605533559 31.59164570121762 -1.01410365104675 0.01752067729831 10 5 0 0 1 3.00000000000000
183 120.77562891139542 31.59164150481682 -1.02553462982178 0.02305044233799 10 5 0 0 1 3.00000000000000
184 120.77563152580680 31.59163745002464 -1.04006361961365 0.03120652213693 10 5 0 0 1 3.00000000000000
185 120.77563411387071 31.59163312883507 -1.05819857120514 0.03667834028602 10 5 0 0 1 3.00000000000000
186 120.77563638906116 31.59162898251648 -1.07896757125854 0.04515965282917 10 5 0 0 1 3.00000000000000
187 120.77563853761150 31.59162457771895 -1.10549461841583 0.05368073657155 10 5 0 0 1 3.00000000000000
188 120.77564053098946 31.59161990988123 -1.13790357112885 0.06603725254536 10 5 0 0 1 3.00000000000000
189 120.77564215690802 31.59161542440771 -1.17134058475494 0.06521680951118 10 5 0 0 1 3.00000000000000
190 120.77564360016062 31.59161064739753 -1.20953059196472 0.07074103504419 10 5 0 0 1 3.00000000000000
191 120.77564476936617 31.59160604992448 -1.24635660648346 0.07474196702242 10 5 0 0 1 3.00000000000000
192 120.77564570810181 31.59160159227995 -1.28247463703156 0.06993792951107 10 5 0 0 1 3.00000000000000
193 120.77564652123476 31.59159680966508 -1.32065761089325 0.06989356875420 10 5 0 0 1 3.00000000000000
194 120.77564711122604 31.59159218988104 -1.35754156112671 0.07283746451139 10 5 0 0 1 3.00000000000000
195 120.77564753246385 31.59158724686156 -1.39650762081146 0.06935377418995 10 5 0 0 1 3.00000000000000
196 120.77564770045501 31.59158248557482 -1.43400657176971 0.06842061132193 10 5 0 0 1 3.00000000000000
197 120.77564768008777 31.59157790500047 -1.47096562385559 0.07341767102480 10 5 0 0 1 3.00000000000000
198 120.77564745393238 31.59157300973622 -1.51021456718445 0.07726294547319 10 5 0 0 1 3.00000000000000
199 120.77564700682959 31.59156833163986 -1.54740965366364 0.07015285640955 10 5 0 0 1 3.00000000000000
200 120.77564634035038 31.59156338713417 -1.58756864070892 0.07657677680254 10 5 0 0 1 3.00000000000000
201 120.77564540903305 31.59155876798401 -1.62895095348358 0.08235560357571 10 5 0 0 1 3.00000000000000
202 120.77564412287114 31.59155400135013 -1.67276287078857 0.08741182088852 10 5 0 0 1 3.00000000000000
203 120.77564270047237 31.59154958777045 -1.71507096290588 0.08470533788204 10 5 0 0 1 3.00000000000000
204 120.77564095305381 31.59154504113436 -1.76269793510437 0.09454213827848 10 5 0 0 1 3.00000000000000
205 120.77563883306352 31.59154040041397 -1.81239795684814 0.09894240647554 10 5 0 0 1 3.00000000000000
206 120.77563651026283 31.59153618309570 -1.86178696155548 0.09748510271311 10 5 0 0 1 3.00000000000000
207 120.77563384817205 31.59153189979784 -1.91414487361908 0.10023525357246 10 5 0 0 1 3.00000000000000
208 120.77563108261144 31.59152800051182 -1.96330988407135 0.09792950749397 10 5 0 0 1 3.00000000000000
209 120.77562795935766 31.59152406296979 -2.01570987701416 0.09943968057632 10 5 0 0 1 3.00000000000000
210 120.77562444434655 31.59152012311030 -2.07091999053955 0.10510264337063 10 5 0 0 1 3.00000000000000
211 120.77562085497823 31.59151657971180 -2.12393283843994 0.10305190831423 10 5 0 0 1 3.00000000000000
212 120.77561689155399 31.59151308750975 -2.17983889579773 0.10716259479523 10 5 0 0 1 3.00000000000000
213 120.77561300192038 31.59150993302460 -2.23053884506226 0.10188397020102 10 5 0 0 1 3.00000000000000
214 120.77560878023547 31.59150675443199 -2.28035783767700 0.08812528848648 10 5 0 0 1 3.00000000000000
215 120.77560466716372 31.59150387258309 -2.32476282119751 0.08698788285255 10 5 0 0 1 3.00000000000000
216 120.77560025246491 31.59150099227969 -2.36869287490845 0.08199201524258 10 5 0 0 1 3.00000000000000
217 120.77559561513046 31.59149817124195 -2.41067695617676 0.07772362977266 10 5 0 0 1 3.00000000000000
218 120.77559095659342 31.59149547953380 -2.44892191886902 0.06885717809200 10 5 0 0 1 3.00000000000000
219 120.77558645846992 31.59149301964054 -2.48247289657593 0.06268252432346 10 5 0 0 1 3.00000000000000
220 120.77558168473828 31.59149049714795 -2.51325583457947 0.05851020291448 10 5 0 0 1 3.00000000000000
221 120.77557712923010 31.59148815361911 -2.53808283805847 0.03806068748236 10 5 0 0 1 3.00000000000000
222 120.77557262871950 31.59148577650925 -2.55605983734131 0.02907138131559 10 5 0 0 1 3.00000000000000
223 120.77560338341941 31.59167648256551 -1.02783763408661 0.19381870329380 10 5 0 0 1 3.00000000000000
224 120.77560625755211 31.59167259903695 -1.02808260917664 -0.00661151111126 10 5 0 0 1 3.00000000000000
225 120.77560915968957 31.59166870834695 -1.02687358856201 0.00411559874192 10 5 0 0 1 3.00000000000000
226 120.77561219484086 31.59166475679123 -1.02365863323212 -0.00709987711161 10 5 0 0 1 3.00000000000000
227 120.77561520737096 31.59166088218923 -1.01921164989471 -0.00976705364883 10 5 0 0 1 3.00000000000000
228 120.77561817768759 31.59165715451203 -1.01369059085846 -0.01149682234973 10 5 0 0 1 3.00000000000000
229 120.77562136768806 31.59165336349039 -1.00401365756989 -0.01826686970890 10 5 0 0 1 3.00000000000000
230 120.77562467954651 31.59164951184772 -0.99322360754013 -0.02447294257581 10 5 0 0 1 3.00000000000000
231 120.77562810631773 31.59164571205054 -0.98057562112808 -0.02652198262513 10 5 0 0 1 3.00000000000000
232 120.77563157861060 31.59164197110994 -0.96672761440277 -0.02833304554224 10 5 0 0 1 3.00000000000000
233 120.77563508315032 31.59163837082090 -0.95164763927460 -0.03049789555371 10 5 0 0 1 3.00000000000000
234 120.77563855849247 31.59163491883173 -0.93625360727310 -0.03239507973194 10 5 0 0 1 3.00000000000000
235 120.77564238913048 31.59163128322878 -0.91828459501266 -0.03773156553507 10 5 0 0 1 3.00000000000000
236 120.77564619793056 31.59162782757546 -0.90053462982178 -0.03306597471237 10 5 0 0 1 3.00000000000000
237 120.77564991958896 31.59162454035638 -0.88339561223984 -0.03568747639656 10 5 0 0 1 3.00000000000000
238 120.77565377060019 31.59162126918751 -0.86452263593674 -0.03610089048743 10 5 0 0 1 3.00000000000000
239 120.77565797721314 31.59161786171794 -0.84401458501816 -0.04238104820251 10 5 0 0 1 3.00000000000000
240 120.77566211202928 31.59161470042400 -0.82286059856415 -0.04080165177584 10 5 0 0 1 3.00000000000000
241 120.77566610390240 31.59161175507414 -0.80200761556625 -0.04398886859417 10 5 0 0 1 3.00000000000000
242 120.77567045661068 31.59160870544906 -0.77916759252548 -0.04605355113745 10 5 0 0 1 3.00000000000000
243 120.77567471446015 31.59160589830747 -0.75697958469391 -0.04499584063888 10 5 0 0 1 3.00000000000000
244 120.77567934043959 31.59160300361092 -0.73290258646011 -0.04623291268945 10 5 0 0 1 3.00000000000000
245 120.77568383867458 31.59160035974997 -0.70905560255051 -0.04746966809034 10 5 0 0 1 3.00000000000000
246 120.77568871530106 31.59159767037196 -0.68195658922195 -0.04898027330637 10 5 0 0 1 3.00000000000000
247 120.77569371541284 31.59159509663760 -0.65402561426163 -0.05024112015963 10 5 0 0 1 3.00000000000000
248 120.77569854903412 31.59159275351047 -0.62755763530731 -0.05134847387671 10 5 0 0 1 3.00000000000000
249 120.77570378775204 31.59159040807311 -0.59884661436081 -0.05126468837261 10 5 0 0 1 3.00000000000000
250 120.77570854047320 31.59158842032358 -0.57292962074280 -0.05212220922112 10 5 0 0 1 3.00000000000000
251 120.77571368888943 31.59158643530333 -0.54409658908844 -0.05357307940722 10 5 0 0 1 3.00000000000000
252 120.77571864048652 31.59158469202106 -0.51613759994507 -0.05308238044381 10 5 0 0 1 3.00000000000000
253 120.77572398795581 31.59158293288753 -0.48712059855461 -0.05561065301299 10 5 0 0 1 3.00000000000000
254 120.77572911465997 31.59158140886928 -0.45827862620354 -0.05428903549910 10 5 0 0 1 3.00000000000000
255 120.77573433105837 31.59157999163341 -0.43066662549973 -0.05559290573001 10 5 0 0 1 3.00000000000000
256 120.77573998364853 31.59157863652987 -0.39978361129761 -0.05825917795300 10 5 0 0 1 3.00000000000000
257 120.77574540111499 31.59157747188162 -0.36974060535431 -0.05658970028162 10 5 0 0 1 3.00000000000000
258 120.77575090624974 31.59157643346468 -0.34047162532806 -0.05539835989475 10 5 0 0 1 3.00000000000000
259 120.77575614573628 31.59157558895636 -0.31201159954071 -0.05655728653073 10 5 0 0 1 3.00000000000000
260 120.77576176798985 31.59157481330949 -0.28232261538506 -0.05672202631831 10 5 0 0 1 3.00000000000000
261 120.77576737728870 31.59157419910879 -0.25277161598206 -0.05631061643362 10 5 0 0 1 3.00000000000000
262 120.77577327928626 31.59157370523732 -0.22173561155796 -0.05648100003600 10 5 0 0 1 3.00000000000000
263 120.77577877325795 31.59157336102174 -0.19331961870193 -0.05307568609715 10 5 0 0 1 3.00000000000000
264 120.77578454920197 31.59157314692632 -0.16393861174583 -0.05199393257499 10 5 0 0 1 3.00000000000000
265 120.77578991973098 31.59157304770615 -0.13734060525894 -0.05248831585050 10 5 0 0 1 3.00000000000000
266 120.77579521881279 31.59157307227784 -0.11147761344910 -0.05045733228326 10 5 0 0 1 3.00000000000000
267 120.77580076642761 31.59157318302542 -0.08620461076498 -0.04774356260896 10 5 0 0 1 3.00000000000000
268 120.77580655030722 31.59157339669594 -0.06070261076093 -0.04483957961202 10 5 0 0 1 3.00000000000000
269 120.77581193276747 31.59157369642223 -0.03688561171293 -0.04650566354394 10 5 0 0 1 3.00000000000000
270 120.77581755002433 31.59157412936948 -0.01354161184281 -0.04171487689018 10 5 0 0 1 3.00000000000000
271 120.77582339916519 31.59157464706815 0.00944838766009 -0.04098693653941 10 5 0 0 1 3.00000000000000
272 120.77582884532768 31.59157525477301 0.03097938746214 -0.04239849001169 10 5 0 0 1 3.00000000000000
273 120.77583451238982 31.59157597137087 0.05309138819575 -0.04003782570362 10 5 0 0 1 3.00000000000000
274 120.77583981321067 31.59157674520941 0.07356038689613 -0.03998348489404 10 5 0 0 1 3.00000000000000
275 120.77584531917842 31.59157765603561 0.09448339045048 -0.03851902112365 10 5 0 0 1 3.00000000000000
276 120.77585104158484 31.59157868178827 0.11531639099121 -0.04060445353389 10 5 0 0 1 3.00000000000000
277 120.77585640208486 31.59157973908584 0.13476338982582 -0.03758011758327 10 5 0 0 1 3.00000000000000
278 120.77586197640242 31.59158092549477 0.15459738671780 -0.03571268543601 10 5 0 0 1 3.00000000000000
279 120.77586720566498 31.59158212136920 0.17285738885403 -0.03741706535220 10 5 0 0 1 3.00000000000000
280 120.77587264192590 31.59158346345296 0.19179539382458 -0.03791853785515 10 5 0 0 1 3.00000000000000
281 120.77587774131533 31.59158480350168 0.20980139076710 -0.03559926524758 10 5 0 0 1 3.00000000000000
282 120.77588304561885 31.59158630270729 0.22845739126205 -0.03552763909101 10 5 0 0 1 3.00000000000000
283 120.77588803194998 31.59158778720083 0.24592438340187 -0.03492152318358 10 5 0 0 1 3.00000000000000
284 120.77589347370252 31.59158952794697 0.26544639468193 -0.03589253500104 10 5 0 0 1 3.00000000000000
285 120.77589859852972 31.59159126579225 0.28393137454987 -0.03674861043692 10 5 0 0 1 3.00000000000000
286 120.77590390347898 31.59159314432711 0.30290538072586 -0.03633778169751 10 5 0 0 1 3.00000000000000
287 120.77590889086812 31.59159501780214 0.32106140255928 -0.03492080047727 10 5 0 0 1 3.00000000000000
288 120.77591405549359 31.59159703928055 0.33941137790680 -0.03271241858602 10 5 0 0 1 3.00000000000000
289 120.77591890768028 31.59159904059245 0.35671240091324 -0.03438980504870 10 5 0 0 1 3.00000000000000
290 120.77592392582036 31.59160118904442 0.37423738837242 -0.03505191951990 10 5 0 0 1 3.00000000000000
291 120.77592863568526 31.59160326835558 0.38967537879944 -0.02901821956038 10 5 0 0 1 3.00000000000000
292 120.77593354876822 31.59160544731486 0.40240138769150 -0.02020586282015 10 5 0 0 1 3.00000000000000
293 120.77593858527227 31.59160761083038 0.40979337692261 -0.01063630636781 10 5 0 0 1 3.00000000000000
294 120.77594365048688 31.59160973227788 0.41334038972855 -0.00269296369515 10 5 0 0 1 3.00000000000000
295 120.77594850392764 31.59161173258886 0.41571739315987 -0.00640947744250 10 5 0 0 1 3.00000000000000
296 120.77595349833386 31.59161388249537 0.41962337493896 -0.01002131775022 10 5 0 0 1 3.00000000000000
297 120.77595830496763 31.59161595865184 0.42368337512016 -0.00267264386639 10 5 0 0 1 3.00000000000000
298 120.77596298775198 31.59161802328687 0.42759039998055 0.01303723175079 10 5 0 0 1 3.00000000000000
299 120.77592902368779 31.59166624749221 -2.67356300354004 0.26160591840744 10 5 0 0 1 3.00000000000000
300 120.77592425933761 31.59166410663613 -2.67278289794922 -0.00330444937572 10 5 0 0 1 3.00000000000000
301 120.77591953999597 31.59166191065026 -2.67212390899658 -0.00510547077283 10 5 0 0 1 3.00000000000000
302 120.77591490896569 31.59165973132483 -2.67110586166382 -0.00041961591342 10 5 0 0 1 3.00000000000000
303 120.77591025190009 31.59165751449404 -2.66993188858032 -0.00265215709805 10 5 0 0 1 3.00000000000000
304 120.77590545598858 31.59165525160804 -2.66955089569092 -0.00102733075619 10 5 0 0 1 3.00000000000000
305 120.77590074599931 31.59165301026626 -2.66922593116760 -0.00263339350931 10 5 0 0 1 3.00000000000000
306 120.77589587187103 31.59165067583897 -2.66867184638977 -0.00131490023341 10 5 0 0 1 3.00000000000000
307 120.77589089061557 31.59164828727118 -2.66835594177246 0.00017747124366 10 5 0 0 1 3.00000000000000
308 120.77588616192129 31.59164600045544 -2.66833686828613 0.00317584769800 10 5 0 0 1 3.00000000000000
309 120.77588157228232 31.59164374725321 -2.66923689842224 0.00444803526625 10 5 0 0 1 3.00000000000000
310 120.77587659657152 31.59164138436894 -2.67112183570862 0.00729660550132 10 5 0 0 1 3.00000000000000
311 120.77587171584051 31.59163913590354 -2.67444586753845 0.00722848996520 10 5 0 0 1 3.00000000000000
312 120.77586649831811 31.59163679765274 -2.67972493171692 0.00850699376315 10 5 0 0 1 3.00000000000000
313 120.77586145306971 31.59163460063817 -2.68541288375854 0.01645387522876 10 5 0 0 1 3.00000000000000
314 120.77585658540666 31.59163254706689 -2.69293093681335 0.01683213934302 10 5 0 0 1 3.00000000000000
315 120.77585138243751 31.59163050466984 -2.70306682586670 0.01577883027494 10 5 0 0 1 3.00000000000000
316 120.77584635936289 31.59162863191503 -2.71417093276978 0.02436078712344 10 5 0 0 1 3.00000000000000
317 120.77584107751190 31.59162663556518 -2.72781991958618 0.02842021919787 10 5 0 0 1 3.00000000000000
318 120.77583595336331 31.59162484487655 -2.74389600753784 0.03232750669122 10 5 0 0 1 3.00000000000000
319 120.77583099073482 31.59162327648689 -2.76125383377075 0.03825739771128 10 5 0 0 1 3.00000000000000
320 120.77582565341388 31.59162175347246 -2.78269100189209 0.04096618294716 10 5 0 0 1 3.00000000000000
321 120.77582050208936 31.59162047875702 -2.80688285827637 0.05244725942612 10 5 0 0 1 3.00000000000000
322 120.77581526938199 31.59161945211174 -2.83551502227783 0.05786939710379 10 5 0 0 1 3.00000000000000
323 120.77580965493561 31.59161859843376 -2.86950492858887 0.06653964519501 10 5 0 0 1 3.00000000000000
324 120.77580426670151 31.59161799663053 -2.90548801422119 0.07286316156387 10 5 0 0 1 3.00000000000000
325 120.77579848832406 31.59161755066006 -2.94602990150452 0.07616472989321 10 5 0 0 1 3.00000000000000
326 120.77579302801414 31.59161736739134 -2.98626089096069 0.07938248664141 10 5 0 0 1 3.00000000000000
327 120.77578755099023 31.59161739999307 -3.02957987785339 0.08455146849155 10 5 0 0 1 3.00000000000000
328 120.77578178531516 31.59161769750969 -3.07542085647583 0.08639846742153 10 5 0 0 1 3.00000000000000
329 120.77577630870823 31.59161817324163 -3.11924886703491 0.08610215783119 10 5 0 0 1 3.00000000000000
330 120.77577052412305 31.59161889320456 3.11599540710449 0.09231335669756 10 5 0 0 1 3.00000000000000
331 120.77576508818886 31.59161980320503 3.06948542594910 0.08788649737835 10 5 0 0 1 3.00000000000000
332 120.77575942015548 31.59162100712453 3.02047228813171 0.09214544296265 10 5 0 0 1 3.00000000000000
333 120.77575410254161 31.59162237824567 2.97356128692627 0.09209129214287 10 5 0 0 1 3.00000000000000
334 120.77574912617247 31.59162387655782 2.92903041839600 0.09038212150335 10 5 0 0 1 3.00000000000000
335 120.77574390736434 31.59162567056040 2.88117647171021 0.08980949223042 10 5 0 0 1 3.00000000000000
336 120.77573875215134 31.59162764770965 2.83416342735291 0.08850365877151 10 5 0 0 1 3.00000000000000
337 120.77573398248506 31.59162972647218 2.79062032699585 0.08683045953512 10 5 0 0 1 3.00000000000000
338 120.77572904344640 31.59163210688949 2.74501228332520 0.08924653381109 10 5 0 0 1 3.00000000000000
339 120.77572424010911 31.59163467068076 2.69739437103271 0.09064120054245 10 5 0 0 1 3.00000000000000
340 120.77571987987400 31.59163730284905 2.65122747421265 0.10069173574448 10 5 0 0 1 3.00000000000000
341 120.77571549312329 31.59164028015763 2.60063648223877 0.09556945413351 10 5 0 0 1 3.00000000000000
342 120.77571132171364 31.59164341310615 2.55144548416138 0.09849630296230 10 5 0 0 1 3.00000000000000
343 120.77570716715213 31.59164690015384 2.49970340728760 0.09814561903477 10 5 0 0 1 3.00000000000000
344 120.77570345115164 31.59165032632302 2.45102429389954 0.09451067447662 10 5 0 0 1 3.00000000000000
345 120.77569973856333 31.59165404534156 2.40259337425232 0.08890739083290 10 5 0 0 1 3.00000000000000
346 120.77569635977814 31.59165763694546 2.36145734786987 0.07910872995853 10 5 0 0 1 3.00000000000000
347 120.77569286445248 31.59166144016330 2.32363939285278 0.06450678408146 10 5 0 0 1 3.00000000000000
348 120.77568961489096 31.59166504990119 2.29449748992920 0.05560779944062 10 5 0 0 1 3.00000000000000
349 120.77568643886336 31.59166867169698 2.26913928985596 0.04859849810600 10 5 0 0 1 3.00000000000000
350 120.77568317951362 31.59167252242676 2.24366044998169 0.05112732201815 10 5 0 0 1 3.00000000000000
351 120.77567987796679 31.59167663032181 2.21799850463867 0.04241060838103 10 5 0 0 1 3.00000000000000
352 120.77567685099491 31.59168047224394 2.19852328300476 0.03362903371453 10 5 0 0 1 3.00000000000000
353 120.77567371936256 31.59168439518014 2.18423342704773 0.02508465945721 10 5 0 0 1 3.00000000000000
354 120.77567057423586 31.59168837387871 2.17225527763367 0.02277915179729 10 5 0 0 1 3.00000000000000
355 120.77566745937156 31.59169227619538 2.16435837745667 0.01240778435022 10 5 0 0 1 3.00000000000000
356 120.77566440767981 31.59169606846500 2.15958929061890 0.01227802783251 10 5 0 0 1 3.00000000000000
357 120.77566117465838 31.59170017769229 2.15461540222168 0.00731408502907 10 5 0 0 1 3.00000000000000
358 120.77565815703899 31.59170398941797 2.15289044380188 0.01026494335383 10 5 0 0 1 3.00000000000000
359 120.77565520883849 31.59170778370988 2.15174627304077 0.00416603405029 10 5 0 0 1 3.00000000000000
360 120.77565229949636 31.59171161414315 2.15151929855347 0.00474242307246 10 5 0 0 1 3.00000000000000
361 120.77591793729204 31.59166004156024 -2.61257886886597 -0.13871170580387 10 5 0 0 1 3.00000000000000
362 120.77591360967676 31.59165744628867 -2.61172199249268 -0.00641258945689 10 5 0 0 1 3.00000000000000
363 120.77590913214171 31.59165496085817 -2.60894584655762 -0.00867902021855 10 5 0 0 1 3.00000000000000
364 120.77590453693340 31.59165240098910 -2.60593891143799 -0.00694502098486 10 5 0 0 1 3.00000000000000
365 120.77589995992764 31.59164988989021 -2.60357189178467 -0.00709581049159 10 5 0 0 1 3.00000000000000
366 120.77589537503975 31.59164737142869 -2.59940600395203 -0.00977833755314 10 5 0 0 1 3.00000000000000
367 120.77589098263209 31.59164485809645 -2.59332895278931 -0.01472968980670 10 5 0 0 1 3.00000000000000
368 120.77588659225195 31.59164217329544 -2.58350682258606 -0.02314001694322 10 5 0 0 1 3.00000000000000
369 120.77588226773105 31.59163932677080 -2.56893801689148 -0.03395773470402 10 5 0 0 1 3.00000000000000
370 120.77587786753344 31.59163622417935 -2.54947090148926 -0.03957849368453 10 5 0 0 1 3.00000000000000
371 120.77587364109522 31.59163300504601 -2.52562689781189 -0.04510476812720 10 5 0 0 1 3.00000000000000
372 120.77586957004385 31.59162967662655 -2.49667692184448 -0.05946408584714 10 5 0 0 1 3.00000000000000
373 120.77586547337251 31.59162612867036 -2.46333098411560 -0.06195421144366 10 5 0 0 1 3.00000000000000
374 120.77586163775008 31.59162250010015 -2.42931199073792 -0.06318049132824 10 5 0 0 1 3.00000000000000
375 120.77585823353253 31.59161899673671 -2.39845800399780 -0.06265238672495 10 5 0 0 1 3.00000000000000
376 120.77585470808089 31.59161517129054 -2.36653089523315 -0.05783521011472 10 5 0 0 1 3.00000000000000
377 120.77585125253465 31.59161139002439 -2.33756995201111 -0.05508408695459 10 5 0 0 1 3.00000000000000
378 120.77584801342148 31.59160766571208 -2.31068897247314 -0.05586235225201 10 5 0 0 1 3.00000000000000
379 120.77584470403687 31.59160363262137 -2.28130793571472 -0.05627412348986 10 5 0 0 1 3.00000000000000
380 120.77584168268712 31.59159968667771 -2.25341081619263 -0.05348293483257 10 5 0 0 1 3.00000000000000
381 120.77583867374271 31.59159542114829 -2.22300100326538 -0.05509580299258 10 5 0 0 1 3.00000000000000
382 120.77583592371414 31.59159122904997 -2.19393992424011 -0.05322639644146 10 5 0 0 1 3.00000000000000
383 120.77583341650708 31.59158714675858 -2.16684603691101 -0.05507395416498 10 5 0 0 1 3.00000000000000
384 120.77583102026482 31.59158296020983 -2.14008402824402 -0.04805643856525 10 5 0 0 1 3.00000000000000
385 120.77582856306965 31.59157843586620 -2.11244702339172 -0.04964061826468 10 5 0 0 1 3.00000000000000
386 120.77582633392092 31.59157405027683 -2.08650898933411 -0.04730838164687 10 5 0 0 1 3.00000000000000
387 120.77582434910221 31.59156980009969 -2.06177687644958 -0.04745646566153 10 5 0 0 1 3.00000000000000
388 120.77582233761225 31.59156518806350 -2.03630781173706 -0.04655328765512 10 5 0 0 1 3.00000000000000
389 120.77582051808456 31.59156073518373 -2.01234292984009 -0.04531759396195 10 5 0 0 1 3.00000000000000
390 120.77581870323034 31.59155590168570 -1.98605489730835 -0.04707167670131 10 5 0 0 1 3.00000000000000
391 120.77581710503621 31.59155123311166 -1.96097886562347 -0.04560728371143 10 5 0 0 1 3.00000000000000
392 120.77581569368733 31.59154676287737 -1.93742287158966 -0.04404278099537 10 5 0 0 1 3.00000000000000
393 120.77581433750665 31.59154190981761 -1.91173195838928 -0.04727241396904 10 5 0 0 1 3.00000000000000
394 120.77581316665187 31.59153726209772 -1.88851892948151 -0.04428756982088 10 5 0 0 1 3.00000000000000
395 120.77581204764682 31.59153226054063 -1.86295986175537 -0.04514617100358 10 5 0 0 1 3.00000000000000
396 120.77581109230182 31.59152750312760 -1.83947896957397 -0.04393609985709 10 5 0 0 1 3.00000000000000
397 120.77581029133108 31.59152271173972 -1.81608486175537 -0.04527767747641 10 5 0 0 1 3.00000000000000
398 120.77580965133807 31.59151820417708 -1.79500687122345 -0.04123340174556 10 5 0 0 1 3.00000000000000
399 120.77580905029339 31.59151339800945 -1.77391588687897 -0.04000643640757 10 5 0 0 1 3.00000000000000
400 120.77580855617214 31.59150860678656 -1.75219297409058 -0.04288385063410 10 5 0 0 1 3.00000000000000
401 120.77580817466244 31.59150356750843 -1.73025095462799 -0.03956535831094 10 5 0 0 1 3.00000000000000
402 120.77580793759689 31.59149886298960 -1.70989894866943 -0.04197217524052 10 5 0 0 1 3.00000000000000
403 120.77580782850690 31.59149419653772 -1.68933188915253 -0.04236436635256 10 5 0 0 1 3.00000000000000
404 120.77580782394816 31.59148928179094 -1.66782093048096 -0.03841724619269 10 5 0 0 1 3.00000000000000
405 120.77580795570931 31.59148470504995 -1.64798593521118 -0.04101655632257 10 5 0 0 1 3.00000000000000
406 120.77580817425023 31.59148017880266 -1.62777388095856 -0.04313299804926 10 5 0 0 1 3.00000000000000
407 120.77580850380318 31.59147540498624 -1.60659694671631 -0.03985166922212 10 5 0 0 1 3.00000000000000
408 120.77580901726876 31.59147039899482 -1.58462965488434 -0.04028734937310 10 5 0 0 1 3.00000000000000
409 120.77580960493923 31.59146571034158 -1.56384062767029 -0.03963324800134 10 5 0 0 1 3.00000000000000
410 120.77581034131266 31.59146078424669 -1.54170560836792 -0.03906777873635 10 5 0 0 1 3.00000000000000
411 120.77581121113812 31.59145591185647 -1.51950466632843 -0.04098443314433 10 5 0 0 1 3.00000000000000
412 120.77581214072653 31.59145134844516 -1.49917066097260 -0.04178429394960 10 5 0 0 1 3.00000000000000
413 120.77581323555795 31.59144655664025 -1.47722756862640 -0.03952847793698 10 5 0 0 1 3.00000000000000
414 120.77581435950957 31.59144207021464 -1.45708060264587 -0.04125939682126 10 5 0 0 1 3.00000000000000
415 120.77581564747547 31.59143737775230 -1.43688261508942 -0.03567175567150 10 5 0 0 1 3.00000000000000
416 120.77581694077438 31.59143299014923 -1.41778361797333 -0.03842798992991 10 5 0 0 1 3.00000000000000
417 120.77581840702872 31.59142840303690 -1.39840364456177 -0.03639264032245 10 5 0 0 1 3.00000000000000
418 120.77582005488262 31.59142360340975 -1.37805366516113 -0.03313026204705 10 5 0 0 1 3.00000000000000
419 120.77582170195957 31.59141909731142 -1.35917055606842 -0.03616962954402 10 5 0 0 1 3.00000000000000
420 120.77582358114432 31.59141439889792 -1.33930563926697 -0.03899897262454 10 5 0 0 1 3.00000000000000
421 120.77582546773932 31.59140999570972 -1.31902456283569 -0.04015463963151 10 5 0 0 1 3.00000000000000
422 120.77582747649818 31.59140563652915 -1.29699862003326 -0.04435347020626 10 5 0 0 1 3.00000000000000
423 120.77582973676823 31.59140108293699 -1.27317464351654 -0.04456625506282 10 5 0 0 1 3.00000000000000
424 120.77583199458276 31.59139681588291 -1.25056266784668 -0.04066621884704 10 5 0 0 1 3.00000000000000
425 120.77583444853349 31.59139234126346 -1.22702062129974 -0.04505570605397 10 5 0 0 1 3.00000000000000
426 120.77583693560463 31.59138820235781 -1.20463156700134 -0.04377338662744 10 5 0 0 1 3.00000000000000
427 120.77583950087998 31.59138414391559 -1.18201363086700 -0.04264852032065 10 5 0 0 1 3.00000000000000
428 120.77584232596951 31.59137994695557 -1.15883564949036 -0.04398577287793 10 5 0 0 1 3.00000000000000
429 120.77584534283808 31.59137569304287 -1.13387858867645 -0.04191909730434 10 5 0 0 1 3.00000000000000
430 120.77584843721644 31.59137154194573 -1.11000859737396 -0.04556107521057 10 5 0 0 1 3.00000000000000
431 120.77585148150185 31.59136763149057 -1.08788967132568 -0.04511381685734 10 5 0 0 1 3.00000000000000
432 120.77585457110948 31.59136393533299 -1.06607866287231 -0.04302709922194 10 5 0 0 1 3.00000000000000
433 120.77585783757741 31.59136018838127 -1.04340457916260 -0.03923397883773 10 5 0 0 1 3.00000000000000
434 120.77586099247611 31.59135648719174 -1.02810561656952 -0.01384916808456 10 5 0 0 1 3.00000000000000
435 120.77590333082286 31.59140210245850 2.18495535850525 0.76151657104492 10 5 0 0 1 3.00000000000000
436 120.77590002358626 31.59140576362318 2.18397140502930 -0.00035824236693 10 5 0 0 1 3.00000000000000
437 120.77589684152956 31.59140945928915 2.18404650688171 0.00497946236283 10 5 0 0 1 3.00000000000000
438 120.77589359157552 31.59141320667949 2.18356442451477 0.00151058728807 10 5 0 0 1 3.00000000000000
439 120.77589038706401 31.59141690679985 2.18287539482117 0.00245061866008 10 5 0 0 1 3.00000000000000
440 120.77588727408134 31.59142059555574 2.18124246597290 0.00405405694619 10 5 0 0 1 3.00000000000000
441 120.77588403638383 31.59142445318082 2.17942833900452 0.00285670300946 10 5 0 0 1 3.00000000000000
442 120.77588088896067 31.59142825024149 2.17724537849426 0.00328985974193 10 5 0 0 1 3.00000000000000
443 120.77587774469744 31.59143204882701 2.17318844795227 0.01150246430188 10 5 0 0 1 3.00000000000000
444 120.77587471467778 31.59143582350085 2.16952133178711 0.00906107295305 10 5 0 0 1 3.00000000000000
445 120.77587169825843 31.59143969899308 2.16378545761108 0.01088736671954 10 5 0 0 1 3.00000000000000
446 120.77586860752444 31.59144380819600 2.15400242805481 0.02177884429693 10 5 0 0 1 3.00000000000000
447 120.77586572478400 31.59144781115988 2.14190340042114 0.02633586898446 10 5 0 0 1 3.00000000000000
448 120.77586294443067 31.59145190732153 2.12694048881531 0.03003727458417 10 5 0 0 1 3.00000000000000
449 120.77586037977422 31.59145588838621 2.11014032363892 0.03794365003705 10 5 0 0 1 3.00000000000000
450 120.77585783028870 31.59146013580818 2.09030246734619 0.03745096549392 10 5 0 0 1 3.00000000000000
451 120.77585552323993 31.59146426947445 2.06833648681641 0.04422805458307 10 5 0 0 1 3.00000000000000
452 120.77585327582892 31.59146871220539 2.04306244850159 0.05054868757725 10 5 0 0 1 3.00000000000000
453 120.77585118218568 31.59147326151016 2.01555442810059 0.05411215871572 10 5 0 0 1 3.00000000000000
454 120.77584934142924 31.59147772348251 1.98666036128998 0.05753815546632 10 5 0 0 1 3.00000000000000
455 120.77584778857118 31.59148208121937 1.95524036884308 0.06344211846590 10 5 0 0 1 3.00000000000000
456 120.77584636467546 31.59148673888343 1.91985142230988 0.07087873667479 10 5 0 0 1 3.00000000000000
457 120.77584523436002 31.59149125796798 1.88456940650940 0.07315826416016 10 5 0 0 1 3.00000000000000
458 120.77584428049904 31.59149629382985 1.84319543838501 0.07739017158747 10 5 0 0 1 3.00000000000000
459 120.77584364158074 31.59150115746977 1.80091834068298 0.08080490678549 10 5 0 0 1 3.00000000000000
460 120.77584331230400 31.59150582450251 1.75712633132935 0.08840938657522 10 5 0 0 1 3.00000000000000
461 120.77584327873603 31.59151073246096 1.70942735671997 0.09286899119616 10 5 0 0 1 3.00000000000000
462 120.77584353469612 31.59151540861465 1.66353142261505 0.09311297535896 10 5 0 0 1 3.00000000000000
463 120.77584412905325 31.59152028724308 1.61236536502838 0.09492460638285 10 5 0 0 1 3.00000000000000
464 120.77584505992071 31.59152514952770 1.55888533592224 0.09940476715565 10 5 0 0 1 3.00000000000000
465 120.77584630291365 31.59152973999507 1.50606143474579 0.10880911350250 10 5 0 0 1 3.00000000000000
466 120.77584796491716 31.59153448522269 1.44772040843964 0.10917843133211 10 5 0 0 1 3.00000000000000
467 120.77584984818985 31.59153895280850 1.39152944087982 0.10794448107481 10 5 0 0 1 3.00000000000000
468 120.77585190673064 31.59154312396312 1.33889842033386 0.10363292694092 10 5 0 0 1 3.00000000000000
469 120.77585427237993 31.59154741655891 1.28571534156799 0.10096140205860 10 5 0 0 1 3.00000000000000
470 120.77585693224174 31.59155179664871 1.23300933837891 0.09782157093287 10 5 0 0 1 3.00000000000000
471 120.77585970245975 31.59155586621653 1.18471038341522 0.09407256543636 10 5 0 0 1 3.00000000000000
472 120.77586280571271 31.59156001821660 1.13503444194794 0.09399858117104 10 5 0 0 1 3.00000000000000
473 120.77586595361939 31.59156384841466 1.08774638175964 0.09190687537193 10 5 0 0 1 3.00000000000000
474 120.77586948997887 31.59156770452523 1.03773438930511 0.09448429942131 10 5 0 0 1 3.00000000000000
475 120.77587306487909 31.59157122178842 0.99035739898682 0.09833825379610 10 5 0 0 1 3.00000000000000
476 120.77587701544518 31.59157470257080 0.94053840637207 0.09502488374710 10 5 0 0 1 3.00000000000000
477 120.77588093817315 31.59157783973398 0.89310538768768 0.09602595865726 10 5 0 0 1 3.00000000000000
478 120.77588518883469 31.59158090712627 0.84395641088486 0.09792647510767 10 5 0 0 1 3.00000000000000
479 120.77588979304254 31.59158386733417 0.79151439666748 0.10148289799690 10 5 0 0 1 3.00000000000000
480 120.77589432735543 31.59158646524476 0.74156337976456 0.09878539294004 10 5 0 0 1 3.00000000000000
481 120.77589919132771 31.59158895860541 0.68967038393021 0.09794960170984 10 5 0 0 1 3.00000000000000
482 120.77590412141477 31.59159126482407 0.64158940315247 0.08284536004066 10 5 0 0 1 3.00000000000000
483 120.77590881646965 31.59159344596960 0.60535937547684 0.06573781371117 10 5 0 0 1 3.00000000000000
484 120.77591366093752 31.59159572775655 0.57701337337494 0.04547531530261 10 5 0 0 1 3.00000000000000
485 120.77591824989742 31.59159795676572 0.55871737003326 0.03246373310685 10 5 0 0 1 3.00000000000000
486 120.77592290968849 31.59160034254327 0.54801237583160 0.01447399985045 10 5 0 0 1 3.00000000000000
487 120.77592750737702 31.59160278062342 0.54355138540268 0.00758046843112 10 5 0 0 1 3.00000000000000
488 120.77593224439761 31.59160526103604 0.53928041458130 0.00968040991575 10 5 0 0 1 3.00000000000000
489 120.77593694565519 31.59160766040534 0.53512936830521 0.00720388628542 10 5 0 0 1 3.00000000000000
490 120.77594163472369 31.59161000349814 0.53144139051437 0.00552786560729 10 5 0 0 1 3.00000000000000
491 120.77590090157615 31.59140390953303 2.20235133171082 0.06639213114977 10 5 0 0 1 3.00000000000000
492 120.77589756542879 31.59140753792637 2.20224928855896 0.00023524221615 10 5 0 0 1 3.00000000000000
493 120.77589426852018 31.59141121956493 2.20255947113037 -0.00127905083355 10 5 0 0 1 3.00000000000000
494 120.77589080992372 31.59141496779110 2.20369839668274 -0.00455491058528 10 5 0 0 1 3.00000000000000
495 120.77588734316976 31.59141876640129 2.20470833778381 -0.00037649896694 10 5 0 0 1 3.00000000000000
496 120.77588406645762 31.59142235510564 2.20626139640808 -0.00558629911393 10 5 0 0 1 3.00000000000000
497 120.77588056372771 31.59142609271921 2.21006131172180 -0.01086744200438 10 5 0 0 1 3.00000000000000
498 120.77587706055246 31.59142974137655 2.21493244171143 -0.00770051497966 10 5 0 0 1 3.00000000000000
499 120.77587349308708 31.59143340344920 2.22121930122375 -0.01242794748396 10 5 0 0 1 3.00000000000000
500 120.77586992903916 31.59143705826510 2.22797131538391 -0.01570136286318 10 5 0 0 1 3.00000000000000
501 120.77586632509569 31.59144064850875 2.23506331443787 -0.01185966562480 10 5 0 0 1 3.00000000000000
502 120.77586272219506 31.59144415208929 2.24240446090698 -0.01237843371928 10 5 0 0 1 3.00000000000000
503 120.77585917590879 31.59144758968305 2.24908041954041 -0.01364646293223 10 5 0 0 1 3.00000000000000
504 120.77585523433291 31.59145128444383 2.25731945037842 -0.01471423637122 10 5 0 0 1 3.00000000000000
505 120.77585135112206 31.59145482994792 2.26720547676086 -0.02138575725257 10 5 0 0 1 3.00000000000000
506 120.77584756223996 31.59145821929150 2.27829027175903 -0.02472903020680 10 5 0 0 1 3.00000000000000
507 120.77584337258834 31.59146177790582 2.29276847839355 -0.02653395570815 10 5 0 0 1 3.00000000000000
508 120.77583953000330 31.59146492604852 2.30607748031616 -0.02878661639988 10 5 0 0 1 3.00000000000000
509 120.77583534990168 31.59146824632793 2.32151436805725 -0.02952289208770 10 5 0 0 1 3.00000000000000
510 120.77583132238007 31.59147132608824 2.33773827552795 -0.03292044624686 10 5 0 0 1 3.00000000000000
511 120.77582693048286 31.59147452398385 2.35619831085205 -0.03471297398210 10 5 0 0 1 3.00000000000000
512 120.77582269667778 31.59147747835412 2.37394928932190 -0.03511716797948 10 5 0 0 1 3.00000000000000
513 120.77581809447958 31.59148054733204 2.39387130737305 -0.04077522456646 10 5 0 0 1 3.00000000000000
514 120.77581367643207 31.59148336100319 2.41325831413269 -0.03427568823099 10 5 0 0 1 3.00000000000000
515 120.77580918353915 31.59148612230797 2.43280243873596 -0.03834480419755 10 5 0 0 1 3.00000000000000
516 120.77580430702561 31.59148894770052 2.45454049110413 -0.04112731665373 10 5 0 0 1 3.00000000000000
517 120.77579962711012 31.59149152691193 2.47598433494568 -0.04146539047360 10 5 0 0 1 3.00000000000000
518 120.77579455424649 31.59149416422884 2.49909734725952 -0.04139433428645 10 5 0 0 1 3.00000000000000
519 120.77578970410242 31.59149658035408 2.52176833152771 -0.04393989220262 10 5 0 0 1 3.00000000000000
520 120.77578503424920 31.59149871078623 2.54430627822876 -0.04394311457872 10 5 0 0 1 3.00000000000000
521 120.77577994837856 31.59150087628754 2.56825542449951 -0.04601326584816 10 5 0 0 1 3.00000000000000
522 120.77577480544711 31.59150298177569 2.59277439117432 -0.04921464994550 10 5 0 0 1 3.00000000000000
523 120.77576988382924 31.59150482661002 2.61886143684387 -0.05308340117335 10 5 0 0 1 3.00000000000000
524 120.77576451123863 31.59150661894665 2.64721536636353 -0.05208393186331 10 5 0 0 1 3.00000000000000
525 120.77575939643336 31.59150817131600 2.67383337020874 -0.05239554867148 10 5 0 0 1 3.00000000000000
526 120.77575385836349 31.59150970892355 2.70354437828064 -0.05504312738776 10 5 0 0 1 3.00000000000000
527 120.77574827548759 31.59151113783992 2.73313331604004 -0.05469035729766 10 5 0 0 1 3.00000000000000
528 120.77574298532124 31.59151234222223 2.76059627532959 -0.05259032547474 10 5 0 0 1 3.00000000000000
529 120.77573728498272 31.59151347766567 2.79047942161560 -0.05694080516696 10 5 0 0 1 3.00000000000000
530 120.77573190456327 31.59151442220312 2.81840229034424 -0.05393809080124 10 5 0 0 1 3.00000000000000
531 120.77572610608721 31.59151528290120 2.84838247299194 -0.05504370108247 10 5 0 0 1 3.00000000000000
532 120.77572064472153 31.59151596019046 2.87677431106567 -0.05341114103794 10 5 0 0 1 3.00000000000000
533 120.77571480009834 31.59151653676533 2.90670728683472 -0.05439328402281 10 5 0 0 1 3.00000000000000
534 120.77570896369880 31.59151697674411 2.93645429611206 -0.05182741582394 10 5 0 0 1 3.00000000000000
535 120.77570349703849 31.59151725268793 2.96379446983337 -0.05401981994510 10 5 0 0 1 3.00000000000000
536 120.77569768932706 31.59151743571123 2.99123144149780 -0.04752962663770 10 5 0 0 1 3.00000000000000
537 120.77569190516925 31.59151751500400 3.01745343208313 -0.04703989997506 10 5 0 0 1 3.00000000000000
538 120.77568650831351 31.59151747729235 3.04130935668945 -0.04666544869542 10 5 0 0 1 3.00000000000000
539 120.77568077813224 31.59151736001425 3.06594634056091 -0.04499289020896 10 5 0 0 1 3.00000000000000
540 120.77567507639749 31.59151711433572 3.09035134315491 -0.04324071481824 10 5 0 0 1 3.00000000000000
541 120.77566975721336 31.59151678683018 3.11258935928345 -0.04276865720749 10 5 0 0 1 3.00000000000000
542 120.77566411676723 31.59151632416868 3.13626432418823 -0.04417347162962 10 5 0 0 1 3.00000000000000
543 120.77565885171755 31.59151578917389 -3.12473082542419 -0.04358404874802 10 5 0 0 1 3.00000000000000
544 120.77565328246007 31.59151510775650 -3.10138082504272 -0.04237307235599 10 5 0 0 1 3.00000000000000
545 120.77564773634151 31.59151431167268 -3.07725596427917 -0.04532498493791 10 5 0 0 1 3.00000000000000
546 120.77564189589444 31.59151332070033 -3.05074691772461 -0.04946676269174 10 5 0 0 1 3.00000000000000
547 120.77563647259173 31.59151219567790 -3.02223300933838 -0.05661304667592 10 5 0 0 1 3.00000000000000
548 120.77563111358039 31.59151087483834 -2.99030590057373 -0.06178911775351 10 5 0 0 1 3.00000000000000
549 120.77562585761925 31.59150931725049 -2.95552086830139 -0.06896618008614 10 5 0 0 1 3.00000000000000
550 120.77562041662117 31.59150749468892 -2.91925001144409 -0.06475064903498 10 5 0 0 1 3.00000000000000
551 120.77561540815942 31.59150572560552 -2.88798785209656 -0.05951482802629 10 5 0 0 1 3.00000000000000
552 120.77561021762109 31.59150379400801 -2.85838389396667 -0.05190697684884 10 5 0 0 1 3.00000000000000
553 120.77560489558785 31.59150168323998 -2.82926702499390 -0.05062885209918 10 5 0 0 1 3.00000000000000
554 120.77559973894930 31.59149951449713 -2.80207681655884 -0.05152557045221 10 5 0 0 1 3.00000000000000
555 120.77559453252647 31.59149721717781 -2.77662491798401 -0.04405967891216 10 5 0 0 1 3.00000000000000
556 120.77558939783052 31.59149485403745 -2.75275683403015 -0.04496188834310 10 5 0 0 1 3.00000000000000
557 120.77558448999604 31.59149252807100 -2.72989392280579 -0.04108435660601 10 5 0 0 1 3.00000000000000
558 120.77557992944033 31.59149025575202 -2.70946502685547 -0.04161615297198 10 5 0 0 1 3.00000000000000
559 120.77557508584768 31.59148779011749 -2.69028401374817 -0.03088860027492 10 5 0 0 1 3.00000000000000
560 120.77557050175486 31.59148555520628 -2.68012285232544 -0.01021932996809 10 5 0 0 1 3.00000000000000
561 120.77556570177828 31.59148335948130 -2.67737889289856 -0.00661389948800 10 5 0 0 1 3.00000000000000
562 120.77558998896011 31.59143001078684 0.49514338374138 0.02766874060035 10 5 0 0 1 3.00000000000000
563 120.77559460500561 31.59143231435443 0.49534639716148 0.00098872277886 10 5 0 0 1 3.00000000000000
564 120.77559947471732 31.59143471692781 0.49625340104103 0.00041064532707 10 5 0 0 1 3.00000000000000
565 120.77560420642065 31.59143706978028 0.49673238396645 -0.00137437030207 10 5 0 0 1 3.00000000000000
566 120.77560883600633 31.59143939059154 0.49728539586067 -0.00122343644034 10 5 0 0 1 3.00000000000000
567 120.77561361255049 31.59144174726343 0.49759638309479 0.00106655119453 10 5 0 0 1 3.00000000000000
568 120.77561855770868 31.59144419010443 0.49761039018631 -0.00024432796636 10 5 0 0 1 3.00000000000000
569 120.77562317246509 31.59144648140112 0.49762338399887 0.00326427724212 10 5 0 0 1 3.00000000000000
570 120.77562777911912 31.59144875734378 0.49745437502861 0.00267458264716 10 5 0 0 1 3.00000000000000
571 120.77563234331808 31.59145101215032 0.49667239189148 0.00278145144694 10 5 0 0 1 3.00000000000000
572 120.77563725275409 31.59145343220825 0.49532938003540 0.00291848764755 10 5 0 0 1 3.00000000000000
573 120.77564210393071 31.59145576817454 0.49176639318466 0.01061880495399 10 5 0 0 1 3.00000000000000
574 120.77564711380791 31.59145807544989 0.48554137349129 0.01625205390155 10 5 0 0 1 3.00000000000000
575 120.77565202694947 31.59146019425913 0.47479137778282 0.02679855376482 10 5 0 0 1 3.00000000000000
576 120.77565680451524 31.59146212380179 0.46055740118027 0.03167748823762 10 5 0 0 1 3.00000000000000
577 120.77566191836408 31.59146404547227 0.44283038377762 0.03605623543262 10 5 0 0 1 3.00000000000000
578 120.77566683930212 31.59146576992642 0.42443737387657 0.03550439327955 10 5 0 0 1 3.00000000000000
579 120.77567211210319 31.59146748623277 0.40289238095284 0.04405355826020 10 5 0 0 1 3.00000000000000
580 120.77567722909284 31.59146893844814 0.37904137372971 0.04901188984513 10 5 0 0 1 3.00000000000000
581 120.77568269306562 31.59147031308994 0.35012939572334 0.05774570629001 10 5 0 0 1 3.00000000000000
582 120.77568797380241 31.59147143041052 0.31990939378738 0.05946866422892 10 5 0 0 1 3.00000000000000
583 120.77569332143966 31.59147236564761 0.28630340099335 0.06438235193491 10 5 0 0 1 3.00000000000000
584 120.77569901202246 31.59147318284130 0.25044038891792 0.07072315365076 10 5 0 0 1 3.00000000000000
585 120.77570448632547 31.59147377575524 0.21479438245296 0.06962452828884 10 5 0 0 1 3.00000000000000
586 120.77571031044052 31.59147417903619 0.17537239193916 0.07483594119549 10 5 0 0 1 3.00000000000000
587 120.77571590093125 31.59147436665903 0.13738939166069 0.07645911723375 10 5 0 0 1 3.00000000000000
588 120.77572123995267 31.59147437836258 0.09917838871479 0.07913036644459 10 5 0 0 1 3.00000000000000
589 120.77572687739507 31.59147410726158 0.05521738901734 0.08531357347965 10 5 0 0 1 3.00000000000000
590 120.77573220292679 31.59147357290543 0.01103538833559 0.09143826365471 10 5 0 0 1 3.00000000000000
591 120.77573777082623 31.59147273279078 -0.03943761065602 0.09806931018829 10 5 0 0 1 3.00000000000000
592 120.77574294100205 31.59147161453027 -0.09255561232567 0.11490812897682 10 5 0 0 1 3.00000000000000
593 120.77574826803205 31.59147012267191 -0.15085661411285 0.11197617650032 10 5 0 0 1 3.00000000000000
594 120.77575369981373 31.59146830105832 -0.21242061257362 0.11431912332773 10 5 0 0 1 3.00000000000000
595 120.77575876858327 31.59146639961064 -0.26902261376381 0.10109730064869 10 5 0 0 1 3.00000000000000
596 120.77576394871620 31.59146422737841 -0.32323062419891 0.09908047318459 10 5 0 0 1 3.00000000000000
597 120.77576863426343 31.59146192429842 -0.37295860052109 0.10545397549868 10 5 0 0 1 3.00000000000000
598 120.77577369606864 31.59145923718492 -0.42846560478210 0.10091905295849 10 5 0 0 1 3.00000000000000
599 120.77577830540697 31.59145646067792 -0.48625659942627 0.10654824972153 10 5 0 0 1 3.00000000000000
600 120.77578247978796 31.59145362386227 -0.53661358356476 0.10303483158350 10 5 0 0 1 3.00000000000000
601 120.77578657181292 31.59145045626575 -0.58810663223267 0.10745569318533 10 5 0 0 1 3.00000000000000
602 120.77579061588321 31.59144698048746 -0.64511561393738 0.10386737436056 10 5 0 0 1 3.00000000000000
603 120.77579423168004 31.59144355070320 -0.69793760776520 0.10926017165184 10 5 0 0 1 3.00000000000000
604 120.77579771990962 31.59143982517373 -0.75188863277435 0.10262088477612 10 5 0 0 1 3.00000000000000
605 120.77580126857025 31.59143564629722 -0.80796158313751 0.09501658380032 10 5 0 0 1 3.00000000000000
606 120.77580450574605 31.59143160480163 -0.85459959506989 0.08101899921894 10 5 0 0 1 3.00000000000000
607 120.77580751155106 31.59142776506445 -0.89240163564682 0.07139626145363 10 5 0 0 1 3.00000000000000
608 120.77581060273259 31.59142374546149 -0.92582458257675 0.06104282662272 10 5 0 0 1 3.00000000000000
609 120.77581347594383 31.59141990948761 -0.95190560817719 0.04826848581433 10 5 0 0 1 3.00000000000000
610 120.77581645380748 31.59141592610051 -0.97438359260559 0.04175473377109 10 5 0 0 1 3.00000000000000
611 120.77581953420997 31.59141176563549 -0.99284058809280 0.03167701512575 10 5 0 0 1 3.00000000000000
612 120.77582264185799 31.59140761002775 -1.00473463535309 0.01540638506413 10 5 0 0 1 3.00000000000000
613 120.77582566978681 31.59140368773769 -1.00972557067871 0.00753567321226 10 5 0 0 1 3.00000000000000
614 120.77582885592533 31.59139960031019 -1.01185560226440 0.00302237085998 10 5 0 0 1 3.00000000000000
615 120.77583201440291 31.59139551726297 -1.01389265060425 0.00573912914842 10 5 0 0 1 3.00000000000000
616 120.77583498269584 31.59139160513033 -1.01551365852356 0.00295779528096 10 5 0 0 1 3.00000000000000
617 120.77583804480061 31.59138755139948 -1.01692759990692 0.00213569868356 10 5 0 0 1 3.00000000000000
618 120.77584109681538 31.59138345885667 -1.01861560344696 0.00537140667439 10 5 0 0 1 3.00000000000000
619 120.77584399889439 31.59137953452973 -1.01964557170868 0.00200458918698 10 5 0 0 1 3.00000000000000
620 120.77584676945041 31.59137567094383 -1.02061855792999 0.00295176822692 10 5 0 0 1 3.00000000000000
621 120.77584954302688 31.59137174726035 -1.02033162117004 -0.00667629763484 10 5 0 0 1 3.00000000000000
622 120.77560309250961 31.59143653471155 0.51572239398956 0.03450383245945 10 5 0 0 1 3.00000000000000
623 120.77560777356368 31.59143892458662 0.51512539386749 -0.00177434179932 10 5 0 0 1 3.00000000000000
624 120.77561250415347 31.59144134288846 0.51485037803650 0.00063673977274 10 5 0 0 1 3.00000000000000
625 120.77561716157014 31.59144374063934 0.51444441080093 0.00274512590840 10 5 0 0 1 3.00000000000000
626 120.77562177376635 31.59144611102810 0.51466137170792 0.00043066893704 10 5 0 0 1 3.00000000000000
627 120.77562648103721 31.59144850841219 0.51557636260986 0.00185719656292 10 5 0 0 1 3.00000000000000
628 120.77563097951806 31.59145086309351 0.51769340038300 -0.00575760565698 10 5 0 0 1 3.00000000000000
629 120.77563554834859 31.59145332624864 0.52241939306259 -0.01373024657369 10 5 0 0 1 3.00000000000000
630 120.77564014204071 31.59145589778973 0.53009736537933 -0.01468892395496 10 5 0 0 1 3.00000000000000
631 120.77564468722420 31.59145857758090 0.54169040918350 -0.02770297974348 10 5 0 0 1 3.00000000000000
632 120.77564915840001 31.59146136946405 0.55745238065720 -0.03312265127897 10 5 0 0 1 3.00000000000000
633 120.77565374397017 31.59146441979838 0.57758641242981 -0.03887247294188 10 5 0 0 1 3.00000000000000
634 120.77565814623553 31.59146752656383 0.59843039512634 -0.04420097172260 10 5 0 0 1 3.00000000000000
635 120.77566207881416 31.59147054246198 0.62125241756439 -0.04593817889690 10 5 0 0 1 3.00000000000000
636 120.77566623474901 31.59147391144773 0.64797538518906 -0.05148296803236 10 5 0 0 1 3.00000000000000
637 120.77567013427520 31.59147730867253 0.67657536268234 -0.05888975784183 10 5 0 0 1 3.00000000000000
638 120.77567366140987 31.59148073579782 0.70850539207458 -0.06684944033623 10 5 0 0 1 3.00000000000000
639 120.77567721965416 31.59148456064846 0.74490940570831 -0.07088433951139 10 5 0 0 1 3.00000000000000
640 120.77568042866075 31.59148831756346 0.78131139278412 -0.07266470789909 10 5 0 0 1 3.00000000000000
641 120.77568369427982 31.59149244745343 0.81917840242386 -0.06886987388134 10 5 0 0 1 3.00000000000000
642 120.77568665077436 31.59149648729517 0.85645240545273 -0.07028447836637 10 5 0 0 1 3.00000000000000
643 120.77568930720953 31.59150039308885 0.89100337028503 -0.07103955745697 10 5 0 0 1 3.00000000000000
644 120.77569179903483 31.59150442591079 0.92650240659714 -0.07046143710613 10 5 0 0 1 3.00000000000000
645 120.77569430382903 31.59150880187257 0.96420639753342 -0.07009317725897 10 5 0 0 1 3.00000000000000
646 120.77569650096220 31.59151303371793 0.99986541271210 -0.06799960881472 10 5 0 0 1 3.00000000000000
647 120.77569870752501 31.59151762462045 1.03661036491394 -0.06625875830650 10 5 0 0 1 3.00000000000000
648 120.77570062387930 31.59152205190560 1.07063543796539 -0.06468282639980 10 5 0 0 1 3.00000000000000
649 120.77570240198636 31.59152655638316 1.10439240932465 -0.06395091861486 10 5 0 0 1 3.00000000000000
650 120.77570411370530 31.59153145078646 1.14082443714142 -0.06557877361774 10 5 0 0 1 3.00000000000000
651 120.77570555129138 31.59153615761050 1.17596435546875 -0.06557327508926 10 5 0 0 1 3.00000000000000
652 120.77570682557749 31.59154092675167 1.21120834350586 -0.06477378308773 10 5 0 0 1 3.00000000000000
653 120.77570785835860 31.59154545860000 1.24362838268280 -0.06157851964235 10 5 0 0 1 3.00000000000000
654 120.77570877371957 31.59155034246509 1.27877235412598 -0.06425326317549 10 5 0 0 1 3.00000000000000
655 120.77570949746573 31.59155528170203 1.31345140933990 -0.06367783993483 10 5 0 0 1 3.00000000000000
656 120.77570999096703 31.59155994562179 1.34530842304230 -0.06155526265502 10 5 0 0 1 3.00000000000000
657 120.77571038946223 31.59156494139596 1.37828040122986 -0.05787210911512 10 5 0 0 1 3.00000000000000
658 120.77571060845793 31.59156965318931 1.40877735614777 -0.05701649934053 10 5 0 0 1 3.00000000000000
659 120.77571068693481 31.59157470580614 1.43895542621613 -0.05128343030810 10 5 0 0 1 3.00000000000000
660 120.77571062144922 31.59157978536649 1.46782636642456 -0.05126828327775 10 5 0 0 1 3.00000000000000
661 120.77571042451221 31.59158455501284 1.49503338336945 -0.04961703345180 10 5 0 0 1 3.00000000000000
662 120.77571007175749 31.59158964958312 1.52307033538818 -0.04990684241056 10 5 0 0 1 3.00000000000000
663 120.77570962363092 31.59159444645073 1.54931044578552 -0.04843664169312 10 5 0 0 1 3.00000000000000
664 120.77570902841244 31.59159893359603 1.57369244098663 -0.04920490458608 10 5 0 0 1 3.00000000000000
665 120.77570832605360 31.59160341538426 1.59745335578918 -0.04617095366120 10 5 0 0 1 3.00000000000000
666 120.77570745837190 31.59160820371521 1.62248337268829 -0.04718726500869 10 5 0 0 1 3.00000000000000
667 120.77570652996151 31.59161265080680 1.64674437046051 -0.04723529890180 10 5 0 0 1 3.00000000000000
668 120.77570539124645 31.59161739279302 1.67221236228943 -0.04798103496432 10 5 0 0 1 3.00000000000000
669 120.77570420072021 31.59162179334955 1.69617843627930 -0.04661589488387 10 5 0 0 1 3.00000000000000
670 120.77570290111508 31.59162616389070 1.71964442729950 -0.04719493538141 10 5 0 0 1 3.00000000000000
671 120.77570134914809 31.59163081519914 1.74522638320923 -0.04962092265487 10 5 0 0 1 3.00000000000000
672 120.77569954521080 31.59163572408583 1.77177739143372 -0.04557969048619 10 5 0 0 1 3.00000000000000
673 120.77569771993490 31.59164029115871 1.79703342914581 -0.04838321730494 10 5 0 0 1 3.00000000000000
674 120.77569563367240 31.59164511170020 1.82384634017944 -0.04558376222849 10 5 0 0 1 3.00000000000000
675 120.77569325700074 31.59165016955406 1.85214543342590 -0.04811079055071 10 5 0 0 1 3.00000000000000
676 120.77569086294069 31.59165486351890 1.87860441207886 -0.04838930070400 10 5 0 0 1 3.00000000000000
677 120.77568832803667 31.59165949324826 1.90469241142273 -0.04595844075084 10 5 0 0 1 3.00000000000000
678 120.77568585319690 31.59166377494808 1.92754840850830 -0.04389972239733 10 5 0 0 1 3.00000000000000
679 120.77568312404810 31.59166828326708 1.95089435577393 -0.04015903174877 10 5 0 0 1 3.00000000000000
680 120.77568049468128 31.59167246900383 1.97065138816833 -0.03568534553051 10 5 0 0 1 3.00000000000000
681 120.77567763944637 31.59167688584633 1.98942244052887 -0.03403009474277 10 5 0 0 1 3.00000000000000
682 120.77567475739042 31.59168118850665 2.00788235664368 -0.03546981513500 10 5 0 0 1 3.00000000000000
683 120.77567202887747 31.59168508255207 2.02502727508545 -0.03472358360887 10 5 0 0 1 3.00000000000000
684 120.77566916486427 31.59168905904017 2.04217839241028 -0.03319826349616 10 5 0 0 1 3.00000000000000
685 120.77566620981483 31.59169304032484 2.05684232711792 -0.02532807365060 10 5 0 0 1 3.00000000000000
686 120.77566333054278 31.59169699585058 2.06633734703064 -0.01360067259520 10 5 0 0 1 3.00000000000000
687 120.77566037384213 31.59170124636278 2.07077145576477 -0.00527845649049 10 5 0 0 1 3.00000000000000
688 120.77565765708368 31.59170519584524 2.07374548912048 -0.00624962523580 10 5 0 0 1 3.00000000000000
